Poço,Profundidade,COT,S1,S2,S3,Tmax,Ro,IH,IO
1-ALS-11-AL,1179.5,1.15,0.08,2.58,0.99,433.0,,224.35,86.09
1-ALS-11-AL,1197.5,1.08,0.06,2.13,1.37,435.0,,197.22,126.85
1-ALS-11-AL,1215.5,1.02,0.03,1.94,1.26,438.0,,190.2,123.53
1-ALS-11-AL,1233.5,1.48,0.3,5.12,1.26,434.0,,345.95,85.14
1-ALS-11-AL,1251.5,1.36,0.03,2.67,1.23,432.0,,196.32,90.44
1-ALS-11-AL,1269.5,1.16,0.01,1.69,1.25,432.0,,145.69,107.76
1-ALS-11-AL,1287.5,0.75,,,,,,,
1-ALS-11-AL,1305.5,1.0,0.02,1.31,1.68,430.0,,131.0,168.0
1-ALS-11-AL,1323.5,0.95,0.01,1.05,1.73,428.0,,110.53,182.11
1-ALS-11-AL,1341.5,0.88,,,,,,,
1-ALS-11-AL,1359.5,0.98,0.01,1.13,1.33,431.0,,115.31,135.71
1-ALS-11-AL,1377.5,0.77,,,,,,,
1-ALS-11-AL,1395.5,0.59,,,,,,,
1-ALS-11-AL,1413.5,0.6,,,,,,,
1-ALS-11-AL,1431.5,0.81,,,,,,,
1-ALS-11-AL,1449.5,1.04,0.04,1.33,0.92,428.0,,127.88,88.46
1-ALS-11-AL,1467.5,0.84,,,,,,,
1-ALS-11-AL,1485.5,0.97,0.04,1.12,1.68,429.0,,115.46,173.2
1-ALS-11-AL,1503.5,1.04,0.06,2.21,0.94,437.0,,212.5,90.38
1-ALS-11-AL,1521.5,0.89,,,,,,,
1-ALS-11-AL,1539.5,1.14,0.05,1.43,1.94,437.0,,125.44,170.18
1-ALS-11-AL,1557.5,0.94,0.02,1.12,1.27,433.0,,119.15,135.11
1-ALS-11-AL,1575.5,1.11,0.05,1.22,0.98,432.0,,109.91,88.29
1-ALS-11-AL,1593.5,1.1,0.06,1.49,1.39,434.0,,135.45,126.36
1-ALS-11-AL,1611.5,0.94,0.01,0.66,2.05,431.0,,70.21,218.09
1-ALS-11-AL,1629.5,6.68,0.31,70.39,0.99,435.0,,1053.74,14.82
1-ALS-11-AL,1665.5,1.22,0.06,2.13,1.73,439.0,,174.59,141.8
1-ALS-11-AL,1863.5,0.45,,,,,,,
1-ALS-11-AL,1881.5,2.52,0.61,13.43,0.97,438.0,,532.94,38.49
1-ALS-11-AL,1899.5,1.08,0.08,2.69,0.97,441.0,,249.07,89.81
1-ALS-11-AL,1917.5,0.37,,,,,,,
1-ALS-11-AL,1935.5,1.57,0.36,4.61,0.48,440.0,,293.63,30.57
1-ALS-11-AL,1953.5,1.44,0.26,4.11,0.72,443.0,,285.42,50.0
1-ALS-11-AL,1971.5,1.33,0.14,3.83,0.45,442.0,,287.97,33.83
1-ALS-11-AL,2007.5,0.17,,,,,,,
1-ALS-11-AL,2025.5,0.12,,,,,,,
1-ALS-11-AL,2043.5,0.08,,,,,,,
1-ALS-11-AL,2061.5,0.1,,,,,,,
1-ALS-11-AL,2079.5,0.69,,,,,,,
1-ALS-11-AL,2097.5,0.99,0.01,1.03,0.93,438.0,,104.04,93.94
1-ALS-11-AL,2115.5,0.66,,,,,,,
1-ALS-11-AL,2133.5,1.1,0.03,1.78,0.71,443.0,,161.82,64.55
1-ALS-11-AL,2151.5,0.8,,,,,,,
1-ALS-11-AL,2169.5,0.55,,,,,,,
1-ALS-11-AL,2205.5,2.68,0.36,13.57,0.93,440.0,,506.34,34.7
1-ALS-11-AL,2223.5,1.06,0.32,3.65,1.18,439.0,,344.34,111.32
1-ALS-11-AL,2241.5,0.14,,,,,,,
1-ALS-11-AL,2259.5,0.56,,,,,,,
1-ALS-11-AL,2277.5,5.36,1.19,47.17,1.13,439.0,,880.04,21.08
1-ALS-11-AL,2295.5,1.84,2.62,8.97,0.83,440.0,,487.5,45.11
1-ALS-11-AL,2313.5,1.3,1.39,4.29,1.33,440.0,,330.0,102.31
1-ALS-11-AL,2331.5,0.12,,,,,,,
1-ALS-11-AL,2349.5,0.35,0.15,0.18,0.84,434.0,,51.43,240.0
1-ALS-11-AL,2367.5,0.76,,,,,,,
1-ALS-11-AL,2385.5,0.97,0.13,2.14,1.06,438.0,,220.62,109.28
1-ALS-11-AL,2403.5,0.8,,,,,,,
1-ALS-11-AL,2421.5,0.66,,,,,,,
1-ALS-11-AL,2439.5,0.9,0.03,1.1,1.44,434.0,,122.22,160.0
1-ALS-11-AL,2457.5,1.07,0.18,2.27,1.67,436.0,,212.15,156.07
1-ALS-11-AL,2475.5,1.66,0.09,4.69,0.89,444.0,,282.53,53.61
1-ALS-11-AL,2493.5,1.45,0.02,3.17,0.88,443.0,,218.62,60.69
1-ALS-11-AL,2511.5,1.14,0.05,1.61,1.18,436.0,,141.23,103.51
1-ALS-11-AL,1438.0,0.46,,,,,,,
1-ALS-11-AL,1520.5,0.66,,,,,,,
1-ALS-11-AL,1524.0,0.62,,,,,,,
1-ALS-11-AL,1666.1,1.0,0.15,2.83,0.82,443.0,,283.0,82.0
1-ALS-11-AL,1800.5,0.42,,,,,,,
1-ALS-11-AL,1806.5,0.58,,,,,,,
1-ALS-11-AL,1890.0,2.16,0.23,10.42,0.72,441.0,,482.41,33.33
1-ALS-11-AL,1894.0,0.47,,,,,,,
