Poço,Profundidade,COT,S1,S2,S3,Tmax,Ro,IH,IO
1-ALS-15-AL,906.5,1.92,0.31,1.01,0.02,435.0,,52.6,1.04
1-ALS-15-AL,1026.5,1.22,0.34,0.77,1.52,434.0,,63.11,124.59
1-ALS-15-AL,1086.5,0.35,,,,,,,
1-ALS-15-AL,1146.5,0.61,0.26,0.32,0.92,443.0,,52.46,150.82
1-ALS-15-AL,1206.5,0.44,,,,,,,
1-ALS-15-AL,1266.5,0.6,0.25,0.3,1.07,437.0,,50.0,178.33
1-ALS-15-AL,1326.5,0.76,0.07,0.34,0.93,434.0,,44.74,122.37
1-ALS-15-AL,1386.5,0.62,0.26,0.32,1.17,433.0,,51.61,188.71
1-ALS-15-AL,1446.5,0.64,0.23,0.27,0.63,433.0,,42.19,98.44
1-ALS-15-AL,1506.5,0.58,0.15,0.18,0.57,435.0,,31.03,98.28
1-ALS-15-AL,1566.5,0.66,0.2,0.23,0.63,440.0,,34.85,95.45
1-ALS-15-AL,1596.5,0.66,0.38,0.45,0.54,441.0,,68.18,81.82
1-ALS-15-AL,1626.5,0.79,0.15,0.17,0.63,440.0,,21.52,79.75
1-ALS-15-AL,1656.5,0.75,0.42,0.3,0.75,461.0,,40.0,100.0
1-ALS-15-AL,1686.5,0.82,0.32,0.27,0.69,442.0,,32.93,84.15
1-ALS-15-AL,1716.5,0.77,0.19,0.21,0.42,460.0,,27.27,54.55
1-ALS-15-AL,1746.5,0.73,0.27,0.27,0.62,436.0,,36.99,84.93
1-ALS-15-AL,1776.5,0.95,0.23,0.26,0.65,441.0,,27.37,68.42
1-ALS-15-AL,1806.5,0.87,0.13,0.23,0.98,448.0,,26.44,112.64
1-ALS-15-AL,1836.5,0.89,0.26,0.44,0.78,442.0,,49.44,87.64
1-ALS-15-AL,1866.5,0.94,0.18,0.38,1.09,437.0,,40.43,115.96
1-ALS-15-AL,1896.5,0.93,0.26,0.44,,458.0,,47.31,
1-ALS-15-AL,1926.5,0.95,0.47,0.33,0.84,460.0,,34.74,88.42
1-ALS-15-AL,1956.5,0.83,0.29,0.31,0.81,447.0,,37.35,97.59
1-ALS-15-AL,1986.5,0.83,0.31,0.42,0.59,440.0,,50.6,71.08
1-ALS-15-AL,2016.5,0.72,0.14,0.14,0.35,467.0,,19.44,48.61
1-ALS-15-AL,2046.5,0.74,0.15,0.17,0.44,447.0,,22.97,59.46
1-ALS-15-AL,2076.5,0.73,0.22,0.34,0.5,443.0,,46.58,68.49
1-ALS-15-AL,2106.5,0.72,0.23,0.21,0.5,459.0,,29.17,69.44
1-ALS-15-AL,2136.5,0.82,0.19,0.23,0.34,456.0,,28.05,41.46
1-ALS-15-AL,2166.5,0.82,0.2,0.25,0.35,439.0,,30.49,42.68
1-ALS-15-AL,2196.5,0.82,0.32,0.35,0.57,447.0,,42.68,69.51
1-ALS-15-AL,2226.5,0.82,0.23,0.3,0.45,445.0,,36.59,54.88
1-ALS-15-AL,2256.5,0.81,0.21,0.3,0.64,438.0,,37.04,79.01
1-ALS-15-AL,2286.5,0.81,0.37,0.48,0.62,442.0,,59.26,76.54
1-ALS-15-AL,2313.5,0.75,0.08,0.35,1.21,438.0,,46.67,161.33
1-ALS-15-AL,2334.5,0.76,0.09,0.4,1.17,431.0,,52.63,153.95
1-ALS-15-AL,2355.5,0.77,0.03,0.22,1.62,427.0,,28.57,210.39
1-ALS-15-AL,2376.5,0.76,0.03,0.19,0.01,432.0,,25.0,1.32
1-ALS-15-AL,2418.5,1.9,0.61,3.38,0.48,444.0,,177.89,25.26
1-ALS-15-AL,2439.5,0.71,0.03,0.2,1.16,435.0,,28.17,163.38
1-ALS-15-AL,2460.5,0.66,0.02,0.22,0.85,436.0,,33.33,128.79
1-ALS-15-AL,2481.5,0.62,0.02,0.2,0.77,437.0,,32.26,124.19
1-ALS-15-AL,2502.5,0.61,0.03,0.2,0.8,435.0,,32.79,131.15
1-ALS-15-AL,2523.5,0.66,0.05,0.23,1.22,437.0,,34.85,184.85
1-ALS-15-AL,2544.5,0.69,0.04,0.19,1.21,432.0,,27.54,175.36
1-ALS-15-AL,2565.5,0.35,,,,,,,
1-ALS-15-AL,2583.5,0.46,,,,,,,
1-ALS-15-AL,2598.5,0.47,,,,,,,
1-ALS-15-AL,2613.5,0.38,,,,,,,
1-ALS-15-AL,2649.5,0.46,,,,,,,
1-ALS-15-AL,2664.5,0.39,,,,,,,
1-ALS-15-AL,2679.5,0.42,,,,,,,
1-ALS-15-AL,2694.5,0.42,,,,,,,
1-ALS-15-AL,2709.5,0.43,,,,,,,
1-ALS-15-AL,2724.5,0.52,0.16,0.18,0.9,,,34.62,173.08
1-ALS-15-AL,2739.5,0.38,,,,,,,
1-ALS-15-AL,2799.5,0.63,0.11,0.39,1.31,434.0,,61.9,207.94
1-ALS-15-AL,2859.5,0.51,0.09,0.3,1.62,433.0,,58.82,317.65
1-ALS-15-AL,2964.5,0.75,0.26,0.59,1.75,441.0,,78.67,233.33
1-ALS-15-AL,2994.5,0.71,0.21,0.52,1.67,439.0,,73.24,235.21
1-ALS-15-AL,3015.5,0.62,0.18,0.35,1.77,437.0,,56.45,285.48
1-ALS-15-AL,3030.5,0.58,0.17,0.44,2.14,441.0,,75.86,368.97
1-ALS-15-AL,3060.5,0.79,0.13,0.28,0.95,443.0,,35.44,120.25
1-ALS-15-AL,3075.5,0.71,0.13,0.25,1.45,444.0,,35.21,204.23
1-ALS-15-AL,3090.5,0.68,0.21,0.3,1.86,434.0,,44.12,273.53
1-ALS-15-AL,3105.5,0.66,0.22,0.26,1.62,432.0,,39.39,245.45
1-ALS-15-AL,3135.5,0.73,0.25,0.48,1.45,435.0,,65.75,198.63
1-ALS-15-AL,3162.5,0.99,0.25,0.44,2.07,440.0,,44.44,209.09
1-ALS-15-AL,3171.5,0.8,0.36,0.55,1.23,434.0,,68.75,153.75
1-ALS-15-AL,3210.5,0.97,0.27,0.78,1.37,437.0,,80.41,141.24
1-ALS-15-AL,3219.5,0.68,0.13,0.4,0.63,452.0,,58.82,92.65
1-ALS-15-AL,3228.5,0.7,0.1,0.25,0.63,463.0,,35.71,90.0
1-ALS-15-AL,3237.5,0.46,,,,,,,
1-ALS-15-AL,3246.5,0.32,,,,,,,
1-ALS-15-AL,3255.5,0.12,,,,,,,
1-ALS-15-AL,3264.5,0.2,,,,,,,
1-ALS-15-AL,3273.5,0.6,0.24,0.29,0.63,431.0,,48.33,105.0
1-ALS-15-AL,3282.5,0.3,,,,,,,
1-ALS-15-AL,3306.5,0.2,,,,,,,
1-ALS-15-AL,3336.5,3.24,0.33,0.93,2.16,428.0,,28.7,66.67
1-ALS-15-AL,3366.5,1.08,0.22,0.43,1.01,440.0,,39.81,93.52
1-ALS-15-AL,3396.5,1.65,0.49,0.72,1.48,444.0,,43.64,89.7
1-ALS-15-AL,3678.5,3.38,0.59,0.9,1.82,478.0,,26.63,53.85
1-ALS-15-AL,2098.5,0.73,0.03,0.17,0.42,439.0,,23.29,57.53
1-ALS-15-AL,2099.0,0.78,0.01,0.11,0.45,431.0,,14.1,57.69
1-ALS-15-AL,2294.5,0.52,0.07,0.46,0.34,438.0,,88.46,65.38
1-ALS-15-AL,2297.2,0.42,,,,,,,
1-ALS-15-AL,2297.5,0.42,,,,,,,
1-ALS-15-AL,2326.5,0.53,0.03,0.22,0.63,437.0,,41.51,118.87
1-ALS-15-AL,2327.5,0.39,,,,,,,
1-ALS-15-AL,2329.5,0.66,0.05,0.42,0.27,435.0,,63.64,40.91
1-ALS-15-AL,2330.0,0.79,0.05,0.45,0.31,437.0,,56.96,39.24
1-ALS-15-AL,2587.5,0.43,,,,,,,
1-ALS-15-AL,2588.5,0.22,,,,,,,
1-ALS-15-AL,2591.5,0.43,,,,,,,
1-ALS-15-AL,2593.5,0.56,0.08,0.51,0.36,439.0,,91.07,64.29
1-ALS-15-AL,2594.5,0.45,,,,,,,
1-ALS-15-AL,2597.5,0.38,,,,,,,
1-ALS-15-AL,2598.5,0.5,0.07,0.45,0.5,436.0,,90.0,100.0
1-ALS-15-AL,3904.5,11.0,0.23,1.76,0.22,530.0,,16.0,2.0
1-ALS-15-AL,3905.5,3.82,0.07,0.31,0.03,535.0,,8.12,0.79
1-ALS-15-AL,3908.2,13.7,0.26,2.38,0.26,529.0,,17.37,1.9
1-ALS-15-AL,3916.5,5.31,0.11,0.59,0.17,537.0,,11.11,3.2
1-ALS-15-AL,3920.5,8.12,0.15,1.22,0.17,534.0,,15.02,2.09
