Poço,Profundidade,COT,S1,S2,S3,Tmax,Ro,IH,IO
1-ALS-16-AL,3114.0,5.93,0.12,0.22,0.08,533.0,,3.71,1.35
1-ALS-16-AL,1456.0,1.44,0.18,1.4,0.46,431.0,,97.22,31.94
1-ALS-16-AL,634.0,2.24,1.27,9.92,0.77,424.0,,442.86,34.38
1-ALS-16-AL,664.0,1.73,0.8,4.0,0.79,427.0,,231.21,45.66
1-ALS-16-AL,694.0,2.05,1.57,9.11,0.67,427.0,,444.39,32.68
1-ALS-16-AL,754.0,5.18,3.83,34.37,0.89,430.0,,663.51,17.18
1-ALS-16-AL,784.0,5.54,2.69,41.92,0.92,433.0,,756.68,16.61
1-ALS-16-AL,814.0,5.88,3.86,34.66,0.65,433.0,,589.46,11.05
1-ALS-16-AL,844.0,1.87,0.9,2.0,0.46,428.0,,106.95,24.6
1-ALS-16-AL,865.0,2.21,1.56,3.16,0.52,427.0,,142.99,23.53
1-ALS-16-AL,874.0,2.12,0.23,1.35,0.31,435.0,,63.68,14.62
1-ALS-16-AL,904.0,2.27,1.09,3.74,0.41,424.0,,164.76,18.06
1-ALS-16-AL,934.0,9.12,1.49,2.82,1.16,433.0,,30.92,12.72
1-ALS-16-AL,964.0,2.44,2.08,4.6,0.55,424.0,,188.52,22.54
1-ALS-16-AL,1003.0,1.98,1.81,3.54,0.59,428.0,,178.79,29.8
1-ALS-16-AL,1024.0,2.48,1.42,3.37,0.41,431.0,,135.89,16.53
1-ALS-16-AL,1054.0,2.31,2.19,3.36,0.4,430.0,,145.45,17.32
1-ALS-16-AL,1075.0,2.19,0.2,1.34,0.48,441.0,,61.19,21.92
1-ALS-16-AL,1084.0,2.47,1.44,3.29,0.46,431.0,,133.2,18.62
1-ALS-16-AL,1174.0,2.5,0.46,3.36,0.23,439.0,,134.4,9.2
1-ALS-16-AL,1204.0,2.64,1.04,6.48,0.49,429.0,,245.45,18.56
1-ALS-16-AL,1273.0,3.28,0.53,6.49,0.75,441.0,,197.87,22.87
1-ALS-16-AL,1294.0,2.74,1.61,9.4,0.42,432.0,,343.07,15.33
1-ALS-16-AL,1324.0,2.54,2.05,5.54,0.45,430.0,,218.11,17.72
1-ALS-16-AL,1345.0,1.77,1.09,2.77,0.63,433.0,,156.5,35.59
1-ALS-16-AL,1354.0,2.06,0.35,2.07,0.35,436.0,,100.49,16.99
1-ALS-16-AL,1393.0,1.91,2.0,3.28,0.5,432.0,,171.73,26.18
1-ALS-16-AL,1405.0,1.62,0.49,1.16,0.41,445.0,,71.6,25.31
1-ALS-16-AL,1414.0,2.53,1.63,2.04,0.42,437.0,,80.63,16.6
1-ALS-16-AL,1540.0,0.86,,,,,,,
1-ALS-16-AL,1543.0,0.78,0.14,0.26,0.14,461.0,,33.33,17.95
1-ALS-16-AL,1564.0,3.11,1.38,1.04,0.3,484.0,,33.44,9.65
1-ALS-16-AL,1594.0,2.11,1.71,0.96,0.42,459.0,,45.5,19.91
1-ALS-16-AL,1744.0,0.85,,,,,,,
1-ALS-16-AL,1774.0,1.06,1.43,0.74,0.22,474.0,,69.81,20.75
1-ALS-16-AL,1795.0,0.6,0.06,0.07,0.45,,,11.67,75.0
1-ALS-16-AL,1804.0,0.75,,,,,,,
1-ALS-16-AL,1975.0,0.64,0.07,0.03,0.23,,,4.69,35.94
1-ALS-16-AL,2104.0,0.93,0.15,0.09,0.18,,,9.68,19.35
1-ALS-16-AL,2164.0,1.12,0.29,0.18,0.16,,,16.07,14.29
1-ALS-16-AL,2254.0,0.79,,,,,,,
1-ALS-16-AL,2344.0,0.95,0.15,0.09,0.16,,,9.47,16.84
1-ALS-16-AL,2353.0,1.03,0.18,0.2,0.34,434.0,,19.42,33.01
1-ALS-16-AL,2503.0,0.66,0.21,,0.27,,,,40.91
1-ALS-16-AL,2524.0,0.94,,,,,,,
1-ALS-16-AL,2554.0,0.61,,,,,,,
1-ALS-16-AL,2575.0,0.86,0.05,,0.19,,,,22.09
1-ALS-16-AL,2584.0,1.0,0.39,0.22,0.36,467.0,,22.0,36.0
1-ALS-16-AL,2674.0,1.76,0.2,0.15,0.33,,,8.52,18.75
1-ALS-16-AL,2704.0,0.69,,,,,,,
1-ALS-16-AL,2734.0,0.42,,,,,,,
1-ALS-16-AL,2743.0,0.58,0.03,,0.36,,,,62.07
1-ALS-16-AL,2794.0,0.6,,,,,,,
1-ALS-16-AL,2824.0,0.56,,,,,,,
1-ALS-16-AL,2854.0,0.63,,,,,,,
1-ALS-16-AL,2908.0,0.83,,,,,,,
1-ALS-16-AL,2914.0,0.62,0.04,,0.24,,,,38.71
1-ALS-16-AL,2944.0,0.68,,,,,,,
1-ALS-16-AL,3049.0,0.6,0.02,,0.29,,,,48.33
1-ALS-16-AL,3064.0,0.51,,,,,,,
1-ALS-16-AL,3094.0,0.9,,,,,,,
1-ALS-16-AL,3115.0,0.6,0.04,,0.35,,,,58.33
1-ALS-16-AL,3124.0,0.6,,,,,,,
1-ALS-16-AL,3205.0,0.83,,,,,,,
1-ALS-16-AL,3244.0,0.92,,,,,,,
1-ALS-16-AL,3274.0,1.11,0.17,0.12,0.4,444.0,,10.81,36.04
1-ALS-16-AL,3364.0,1.12,0.12,0.04,0.2,362.0,,3.57,17.86
1-ALS-16-AL,3385.0,1.39,0.06,,0.16,,,,11.51
1-ALS-16-AL,3394.0,0.97,,,,,,,
