Poço,Profundidade,COT,S1,S2,S3,Tmax,Ro,IH,IO
1-ALS-23-AL,1371.0,0.99,0.35,0.71,1.16,429.0,,71.72,117.17
1-ALS-23-AL,1389.0,1.23,0.17,1.01,0.79,434.0,,82.11,64.23
1-ALS-23-AL,1407.0,1.19,0.04,1.1,0.73,434.0,,92.44,61.34
1-ALS-23-AL,1425.0,1.14,0.02,1.11,0.7,431.0,,97.37,61.4
1-ALS-23-AL,1443.0,1.25,0.03,1.19,0.81,432.0,,95.2,64.8
1-ALS-23-AL,1461.0,1.33,0.08,1.26,0.4,433.0,,94.74,30.08
1-ALS-23-AL,1479.0,1.23,0.03,1.24,0.4,430.0,,100.81,32.52
1-ALS-23-AL,1497.0,1.33,0.13,1.38,0.36,432.0,,103.76,27.07
1-ALS-23-AL,1515.0,1.38,0.75,1.36,0.85,433.0,,98.55,61.59
1-ALS-23-AL,1533.0,1.33,0.73,1.39,0.94,432.0,,104.51,70.68
1-ALS-23-AL,1551.0,1.44,0.34,1.39,0.48,431.0,,96.53,33.33
1-ALS-23-AL,1569.0,1.32,1.74,1.49,0.91,431.0,,112.88,68.94
1-ALS-23-AL,1587.0,0.96,0.14,0.65,0.42,431.0,,67.71,43.75
1-ALS-23-AL,1605.0,0.99,0.1,0.77,0.66,432.0,,77.78,66.67
1-ALS-23-AL,1623.0,0.99,0.14,1.09,1.79,433.0,,110.1,180.81
1-ALS-23-AL,1641.0,0.99,0.03,0.98,0.79,432.0,,98.99,79.8
1-ALS-23-AL,1659.0,0.56,,,,,,,
1-ALS-23-AL,1677.0,0.68,,,,,,,
1-ALS-23-AL,1695.0,0.43,,,,,,,
1-ALS-23-AL,1713.0,0.67,,,,,,,
1-ALS-23-AL,1731.0,0.61,,,,,,,
1-ALS-23-AL,1749.0,0.51,,,,,,,
1-ALS-23-AL,1767.0,0.65,,,,,,,
1-ALS-23-AL,1785.0,0.58,,,,,,,
1-ALS-23-AL,1803.0,0.57,,,,,,,
1-ALS-23-AL,1821.0,0.49,,,,,,,
1-ALS-23-AL,1839.0,0.55,,,,,,,
1-ALS-23-AL,1857.0,0.57,,,,,,,
1-ALS-23-AL,1875.0,0.61,,,,,,,
1-ALS-23-AL,1893.0,0.58,,,,,,,
1-ALS-23-AL,1911.0,0.64,,,,,,,
1-ALS-23-AL,1929.0,0.67,,,,,,,
1-ALS-23-AL,1947.0,0.58,,,,,,,
1-ALS-23-AL,1965.0,0.62,,,,,,,
1-ALS-23-AL,1983.0,0.65,,,,,,,
1-ALS-23-AL,2001.0,0.58,,,,,,,
1-ALS-23-AL,2019.0,0.62,,,,,,,
1-ALS-23-AL,2037.0,0.63,,,,,,,
1-ALS-23-AL,2055.0,0.61,,,,,,,
1-ALS-23-AL,2073.0,0.63,,,,,,,
1-ALS-23-AL,2091.0,0.75,,,,,,,
1-ALS-23-AL,2109.0,0.61,,,,,,,
1-ALS-23-AL,2127.0,0.74,,,,,,,
1-ALS-23-AL,2145.0,0.69,,,,,,,
1-ALS-23-AL,2163.0,0.72,,,,,,,
1-ALS-23-AL,2181.0,0.8,,,,,,,
1-ALS-23-AL,2199.0,0.77,,,,,,,
1-ALS-23-AL,2217.0,0.65,,,,,,,
1-ALS-23-AL,2235.0,1.47,1.01,5.03,3.45,440.0,,342.18,234.69
1-ALS-23-AL,2253.0,0.67,,,,,,,
1-ALS-23-AL,2271.0,0.73,,,,,,,
1-ALS-23-AL,2289.0,0.75,,,,,,,
1-ALS-23-AL,2307.0,0.93,0.26,0.76,1.12,431.0,,81.72,120.43
1-ALS-23-AL,2325.0,0.96,0.3,0.81,1.43,434.0,,84.38,148.96
1-ALS-23-AL,2343.0,0.81,,,,,,,
1-ALS-23-AL,2361.0,0.96,0.19,0.62,1.4,432.0,,64.58,145.83
1-ALS-23-AL,2379.0,0.74,,,,,,,
1-ALS-23-AL,2397.0,0.88,,,,,,,
1-ALS-23-AL,2415.0,0.72,,,,,,,
1-ALS-23-AL,2433.0,0.8,,,,,,,
1-ALS-23-AL,2451.0,0.78,,,,,,,
1-ALS-23-AL,2469.0,0.86,,,,,,,
1-ALS-23-AL,2487.0,0.97,0.24,1.27,0.97,435.0,,130.93,100.0
1-ALS-23-AL,2505.0,0.94,0.24,1.48,1.0,435.0,,157.45,106.38
1-ALS-23-AL,2523.0,0.95,0.22,0.78,1.2,433.0,,82.11,126.32
1-ALS-23-AL,2541.0,0.74,,,,,,,
1-ALS-23-AL,2559.0,0.89,,,,,,,
1-ALS-23-AL,2577.0,0.98,0.41,1.54,1.83,435.0,,157.14,186.73
1-ALS-23-AL,2595.0,1.85,0.25,1.97,1.77,437.0,,106.49,95.68
1-ALS-23-AL,2649.0,2.08,0.43,2.07,1.47,439.0,,99.52,70.67
1-ALS-23-AL,2721.0,2.44,0.29,4.22,1.87,440.0,,172.95,76.64
1-ALS-23-AL,2739.0,1.47,0.23,1.87,2.08,438.0,,127.21,141.5
1-ALS-23-AL,2757.0,1.43,0.19,2.17,1.71,443.0,,151.75,119.58
1-ALS-23-AL,2775.0,1.78,0.1,2.59,1.63,443.0,,145.51,91.57
1-ALS-23-AL,2793.0,2.15,0.17,3.27,1.47,445.0,,152.09,68.37
1-ALS-23-AL,2811.0,2.53,0.13,3.83,1.31,446.0,,151.38,51.78
1-ALS-23-AL,2829.0,2.78,0.97,3.19,1.24,445.0,,114.75,44.6
1-ALS-23-AL,2865.0,2.77,0.64,3.42,1.61,443.0,,123.47,58.12
1-ALS-23-AL,2883.0,1.5,0.7,2.58,1.31,439.0,,172.0,87.33
1-ALS-23-AL,2919.0,2.86,1.17,3.84,0.77,442.0,,134.27,26.92
1-ALS-23-AL,2937.0,5.51,1.49,7.5,0.96,446.0,,136.12,17.42
1-ALS-23-AL,2973.0,1.97,0.54,3.35,0.81,441.0,,170.05,41.12
1-ALS-23-AL,3009.0,7.55,0.92,12.61,0.76,445.0,,167.02,10.07
1-ALS-23-AL,3081.0,4.0,0.64,6.28,1.38,446.0,,157.0,34.5
1-ALS-23-AL,3099.0,2.72,0.69,5.12,1.98,444.0,,188.24,72.79
1-ALS-23-AL,3135.0,2.6,1.03,6.35,1.9,445.0,,244.23,73.08
1-ALS-23-AL,3153.0,3.51,0.74,5.28,1.79,444.0,,150.43,51.0
1-ALS-23-AL,3207.0,2.02,1.14,6.14,2.05,445.0,,303.96,101.49
1-ALS-23-AL,3243.0,3.99,0.76,5.15,1.03,444.0,,129.07,25.81
1-ALS-23-AL,3279.0,2.35,0.72,8.0,2.03,447.0,,340.43,86.38
1-ALS-23-AL,3297.0,1.46,1.03,6.41,1.95,445.0,,439.04,133.56
1-ALS-23-AL,3315.0,1.29,1.06,4.35,1.78,437.0,,337.21,137.98
1-ALS-23-AL,3333.0,2.01,1.01,5.51,1.66,444.0,,274.13,82.59
1-ALS-23-AL,3369.0,3.26,0.71,4.69,1.43,443.0,,143.87,43.87
1-ALS-23-AL,3387.0,2.14,0.68,4.12,1.87,444.0,,192.52,87.38
1-ALS-23-AL,3405.0,3.02,0.61,4.83,1.67,445.0,,159.93,55.3
1-ALS-23-AL,3423.0,2.95,0.47,3.89,1.13,447.0,,131.86,38.31
1-ALS-23-AL,3441.0,2.33,0.71,5.57,1.3,445.0,,239.06,55.79
