Poço,Profundidade,COT,S1,S2,S3,Tmax,Ro,IH,IO
1-ALS-17-AL,425.0,1.96,0.1,0.66,0.2,,,33.67,10.2
1-ALS-17-AL,455.0,2.15,0.15,0.48,0.3,,,22.33,13.95
1-ALS-17-AL,461.0,1.48,1.15,0.61,0.34,475.0,,41.22,22.97
1-ALS-17-AL,485.0,1.94,0.14,0.52,0.16,,,26.8,8.25
1-ALS-17-AL,515.0,1.49,0.1,0.33,0.18,,,22.15,12.08
1-ALS-17-AL,545.0,1.8,0.12,0.26,0.39,,,14.44,21.67
1-ALS-17-AL,569.0,2.26,0.77,0.73,0.35,472.0,,32.3,15.49
1-ALS-17-AL,587.0,1.79,0.54,0.46,0.46,503.0,,25.7,25.7
1-ALS-17-AL,605.0,1.14,0.07,0.12,0.26,,,10.53,22.81
1-ALS-17-AL,635.0,1.3,0.09,0.2,0.46,,,15.38,35.38
1-ALS-17-AL,665.0,1.1,0.14,0.18,0.14,,,16.36,12.73
1-ALS-17-AL,695.0,1.59,0.1,0.02,0.22,,,1.26,13.84
1-ALS-17-AL,725.0,1.44,0.06,0.17,0.24,,,11.81,16.67
1-ALS-17-AL,731.0,2.18,1.27,0.77,0.39,487.0,,35.32,17.89
1-ALS-17-AL,755.0,1.2,0.06,0.02,0.27,,,1.67,22.5
1-ALS-17-AL,815.0,1.7,0.14,0.09,0.2,,,5.29,11.76
1-ALS-17-AL,839.0,2.05,0.78,0.56,0.28,485.0,,27.32,13.66
1-ALS-17-AL,845.0,1.42,0.08,0.15,0.12,,,10.56,8.45
1-ALS-17-AL,875.0,2.37,0.1,0.26,0.2,,,10.97,8.44
1-ALS-17-AL,905.0,0.98,0.13,0.17,0.1,,,17.35,10.2
1-ALS-17-AL,929.0,1.47,0.98,0.49,0.39,480.0,,33.33,26.53
1-ALS-17-AL,935.0,2.1,0.09,0.16,0.15,,,7.62,7.14
1-ALS-17-AL,965.0,1.5,0.07,0.11,0.17,,,7.33,11.33
1-ALS-17-AL,995.0,1.65,0.06,0.08,0.13,,,4.85,7.88
1-ALS-17-AL,1025.0,1.72,0.1,0.09,0.13,,,5.23,7.56
1-ALS-17-AL,1115.0,1.96,0.07,0.11,0.18,,,5.61,9.18
1-ALS-17-AL,1145.0,2.26,0.19,0.06,0.24,,,2.65,10.62
1-ALS-17-AL,1205.0,1.63,0.11,0.11,0.12,,,6.75,7.36
1-ALS-17-AL,1235.0,1.53,0.14,0.02,0.17,,,1.31,11.11
1-ALS-17-AL,1265.0,0.66,,,,,,,
1-ALS-17-AL,1295.0,0.73,,,,,,,
1-ALS-17-AL,1325.0,1.43,0.24,0.19,0.26,,,13.29,18.18
1-ALS-17-AL,1355.0,2.52,0.07,0.09,0.16,,,3.57,6.35
1-ALS-17-AL,1397.0,1.75,0.9,0.41,0.45,476.0,,23.43,25.71
1-ALS-17-AL,1415.0,1.74,0.27,0.36,0.16,,,20.69,9.2
1-ALS-17-AL,1505.0,1.41,0.14,0.08,0.32,,,5.67,22.7
1-ALS-17-AL,1523.0,1.52,1.16,0.45,0.31,477.0,,29.61,20.39
1-ALS-17-AL,1535.0,1.63,0.14,0.02,0.17,,,1.23,10.43
1-ALS-17-AL,1565.0,1.82,0.15,0.02,0.13,,,1.1,7.14
1-ALS-17-AL,1577.0,2.05,1.3,0.54,0.32,477.0,,26.34,15.61
1-ALS-17-AL,1595.0,2.12,0.1,0.04,0.17,,,1.89,8.02
1-ALS-17-AL,1625.0,1.9,0.11,0.04,0.14,,,2.11,7.37
1-ALS-17-AL,1655.0,1.83,0.35,0.4,0.24,,,21.86,13.11
1-ALS-17-AL,1775.0,1.4,0.4,,0.24,,,,17.14
1-ALS-17-AL,1805.0,1.49,0.25,0.07,0.12,,,4.7,8.05
1-ALS-17-AL,1925.0,1.5,,,0.17,,,,11.33
1-ALS-17-AL,1985.0,1.55,0.08,,0.12,,,,7.74
1-ALS-17-AL,2045.0,0.95,0.18,0.1,0.27,,,10.53,28.42
1-ALS-17-AL,2099.0,1.34,0.29,0.07,0.15,449.0,,5.22,11.19
1-ALS-17-AL,2105.0,1.14,0.08,,0.11,,,,9.65
1-ALS-17-AL,2117.0,1.22,0.31,0.08,0.13,412.0,,6.56,10.66
1-ALS-17-AL,2135.0,1.05,0.15,0.1,0.12,,,9.52,11.43
1-ALS-17-AL,2165.0,0.94,0.07,0.02,0.26,,,2.13,27.66
1-ALS-17-AL,2195.0,1.42,0.1,,0.56,,,,39.44
1-ALS-17-AL,2207.0,1.33,0.62,0.27,0.19,473.0,,20.3,14.29
1-ALS-17-AL,2225.0,1.99,0.07,,0.27,,,,13.57
1-ALS-17-AL,2255.0,1.45,0.07,,0.11,,,,7.59
1-ALS-17-AL,2285.0,0.56,,,,,,,
1-ALS-17-AL,2345.0,1.14,0.14,0.11,0.22,,,9.65,19.3
1-ALS-17-AL,2351.0,1.55,0.77,0.23,0.29,462.0,,14.84,18.71
1-ALS-17-AL,2375.0,0.41,,,,,,,
1-ALS-17-AL,2435.0,1.1,0.05,,0.12,,,,10.91
1-ALS-17-AL,2495.0,1.0,0.06,0.02,0.16,,,2.0,16.0
1-ALS-17-AL,2513.0,1.82,0.67,0.22,0.29,463.0,,12.09,15.93
1-ALS-17-AL,2531.0,0.74,0.32,0.14,0.13,475.0,,18.92,17.57
1-ALS-17-AL,2549.0,1.06,0.74,0.3,0.22,474.0,,28.3,20.75
1-ALS-17-AL,2555.0,0.94,0.08,0.01,0.07,,,1.06,7.45
1-ALS-17-AL,2567.0,1.6,1.34,0.39,0.33,468.0,,24.38,20.63
1-ALS-17-AL,2621.0,0.8,0.99,0.33,0.47,480.0,,41.25,58.75
1-ALS-17-AL,2639.0,1.35,1.63,0.54,0.49,482.0,,40.0,36.3
1-ALS-17-AL,2645.0,0.49,,,,,,,
1-ALS-17-AL,2657.0,0.82,0.55,0.24,0.3,479.0,,29.27,36.59
1-ALS-17-AL,2675.0,1.06,0.06,,0.21,,,,19.81
1-ALS-17-AL,2705.0,0.58,,,,,,,
1-ALS-17-AL,2735.0,1.44,0.12,0.45,0.34,,,31.25,23.61
1-ALS-17-AL,2765.0,0.9,0.06,0.01,0.33,,,1.11,36.67
1-ALS-17-AL,2825.0,1.28,0.16,0.06,0.33,,,4.69,25.78
1-ALS-17-AL,2915.0,0.93,0.05,,0.23,,,,24.73
1-ALS-17-AL,2945.0,0.94,0.05,,0.24,,,,25.53
1-ALS-17-AL,2963.0,0.35,,,,,,,
1-ALS-17-AL,2975.0,0.97,0.11,,0.1,,,,10.31
1-ALS-17-AL,3005.0,0.79,,,,,,,
