Poço,Profundidade,COT,S1,S2,S3,Tmax,Ro,IH,IO
1-ALS-25-AL,876.0,0.65,,,,,,,
1-ALS-25-AL,906.0,0.62,,,,,,,
1-ALS-25-AL,936.0,0.68,,,,,,,
1-ALS-25-AL,966.0,0.64,,,,,,,
1-ALS-25-AL,996.0,0.62,,,,,,,
1-ALS-25-AL,1026.0,0.81,,,,,,,
1-ALS-25-AL,1056.0,0.71,,,,,,,
1-ALS-25-AL,1086.0,0.74,,,,,,,
1-ALS-25-AL,1116.0,0.77,,,,,,,
1-ALS-25-AL,1146.0,0.77,,,,,,,
1-ALS-25-AL,1176.0,0.73,,,,,,,
1-ALS-25-AL,1206.0,0.75,,,,,,,
1-ALS-25-AL,1236.0,0.75,,,,,,,
1-ALS-25-AL,1266.0,0.77,,,,,,,
1-ALS-25-AL,1296.0,0.86,,,,,,,
1-ALS-25-AL,1326.0,0.85,,,,,,,
1-ALS-25-AL,1356.0,0.76,,,,,,,
1-ALS-25-AL,1386.0,0.86,,,,,,,
1-ALS-25-AL,1416.0,0.79,,,,,,,
1-ALS-25-AL,1446.0,0.74,,,,,,,
1-ALS-25-AL,1476.0,0.88,,,,,,,
1-ALS-25-AL,1506.0,0.78,,,,,,,
1-ALS-25-AL,1536.0,0.86,,,,,,,
1-ALS-25-AL,1566.0,0.83,,,,,,,
1-ALS-25-AL,1596.0,0.71,,,,,,,
1-ALS-25-AL,1626.0,0.76,,,,,,,
1-ALS-25-AL,1656.0,0.79,,,,,,,
1-ALS-25-AL,1686.0,0.72,,,,,,,
1-ALS-25-AL,1716.0,0.78,,,,,,,
1-ALS-25-AL,1746.0,0.72,,,,,,,
1-ALS-25-AL,1776.0,0.69,,,,,,,
1-ALS-25-AL,1806.0,1.63,0.25,4.1,0.38,426.0,,251.53,23.31
1-ALS-25-AL,1836.0,0.97,0.26,0.91,0.38,426.0,,93.81,39.18
1-ALS-25-AL,1866.0,1.18,0.33,2.35,0.42,432.0,,199.15,35.59
1-ALS-25-AL,1896.0,0.75,,,,,,,
1-ALS-25-AL,1926.0,0.9,0.17,0.82,0.45,428.0,,91.11,50.0
1-ALS-25-AL,1956.0,0.82,,,,,,,
1-ALS-25-AL,1986.0,0.79,,,,,,,
1-ALS-25-AL,2016.0,0.86,,,,,,,
1-ALS-25-AL,2046.0,0.93,0.13,0.74,0.78,430.0,,79.57,83.87
1-ALS-25-AL,2076.0,0.98,0.21,0.73,0.47,430.0,,74.49,47.96
1-ALS-25-AL,2166.0,2.27,0.99,6.66,0.81,432.0,,293.39,35.68
1-ALS-25-AL,2196.0,2.29,1.21,6.62,1.02,434.0,,289.08,44.54
1-ALS-25-AL,2316.0,2.06,1.13,5.55,0.28,436.0,,269.42,13.59
1-ALS-25-AL,2376.0,1.51,1.05,4.86,0.36,436.0,,321.85,23.84
1-ALS-25-AL,2406.0,1.3,0.66,1.88,0.56,438.0,,144.62,43.08
