Poço,Profundidade,COT,S1,S2,S3,Tmax,Ro,IH,IO
1-ALS-2-AL,579.8,2.5,0.32,6.85,1.22,430.0,,274.0,48.8
1-ALS-2-AL,597.8,2.51,0.29,7.13,1.27,429.0,,284.06,50.6
1-ALS-2-AL,615.8,2.18,0.22,6.05,1.26,430.0,,277.52,57.8
1-ALS-2-AL,633.8,2.06,0.26,5.28,1.1,430.0,,256.31,53.4
1-ALS-2-AL,651.8,1.29,0.17,1.76,1.36,428.0,,136.43,105.43
1-ALS-2-AL,669.8,3.91,0.79,21.16,2.12,427.0,,541.18,54.22
1-ALS-2-AL,687.8,3.54,0.78,16.22,1.53,428.0,,458.19,43.22
1-ALS-2-AL,705.8,4.37,1.48,28.08,1.43,427.0,,642.56,32.72
1-ALS-2-AL,723.8,5.49,1.44,35.2,1.37,426.0,,641.17,24.95
1-ALS-2-AL,741.8,5.93,1.34,33.07,1.18,424.0,,557.67,19.9
1-ALS-2-AL,756.8,3.94,0.8,17.87,1.05,428.0,,453.55,26.65
1-ALS-2-AL,795.8,3.74,0.64,13.44,1.13,428.0,,359.36,30.21
1-ALS-2-AL,813.8,3.99,0.77,14.99,1.15,428.0,,375.69,28.82
1-ALS-2-AL,819.8,3.76,0.81,10.92,1.83,430.0,,290.43,48.67
1-ALS-2-AL,831.8,4.36,1.06,18.67,1.13,426.0,,428.21,25.92
1-ALS-2-AL,849.8,3.58,0.81,13.2,1.02,428.0,,368.72,28.49
1-ALS-2-AL,879.8,3.26,0.56,8.62,1.26,430.0,,264.42,38.65
1-ALS-2-AL,897.8,8.2,1.88,62.34,1.41,426.0,,760.24,17.2
1-ALS-2-AL,915.8,4.42,1.39,26.74,1.16,429.0,,604.98,26.24
1-ALS-2-AL,933.8,3.16,0.76,17.02,0.86,432.0,,538.61,27.22
1-ALS-2-AL,951.8,2.52,0.7,10.61,0.71,434.0,,421.03,28.17
1-ALS-2-AL,969.8,4.48,1.39,23.95,1.21,429.0,,534.6,27.01
1-ALS-2-AL,1002.8,1.56,0.2,3.85,0.8,436.0,,246.79,51.28
1-ALS-2-AL,1005.8,2.29,0.22,2.37,0.89,439.0,,103.49,38.86
1-ALS-2-AL,1041.8,1.09,0.05,1.07,0.63,435.0,,98.17,57.8
1-ALS-2-AL,1074.8,0.81,,,,,,,
1-ALS-2-AL,1095.8,1.06,0.06,1.4,0.45,436.0,,132.08,42.45
1-ALS-2-AL,1113.8,0.88,,,,,,,
1-ALS-2-AL,1128.8,1.08,0.15,2.39,0.86,439.0,,221.3,79.63
1-ALS-2-AL,1131.8,1.35,0.11,4.9,0.62,435.0,,362.96,45.93
1-ALS-2-AL,1149.8,2.48,0.35,10.71,0.57,434.0,,431.85,22.98
1-ALS-2-AL,1167.8,1.7,0.21,5.56,0.7,435.0,,327.06,41.18
1-ALS-2-AL,1185.8,2.26,0.3,11.38,0.57,434.0,,503.54,25.22
1-ALS-2-AL,1203.8,1.36,0.19,1.36,0.87,439.0,,100.0,63.97
1-ALS-2-AL,1206.8,1.74,0.14,2.01,0.73,437.0,,115.52,41.95
1-ALS-2-AL,1221.8,2.66,0.34,11.7,0.73,434.0,,439.85,27.44
1-ALS-2-AL,1239.8,5.37,1.03,35.96,0.76,433.0,,669.65,14.15
1-ALS-2-AL,1257.8,2.07,0.17,5.56,0.77,435.0,,268.6,37.2
1-ALS-2-AL,1293.8,1.8,0.15,6.35,0.62,436.0,,352.78,34.44
1-ALS-2-AL,1311.8,1.1,0.05,1.21,0.41,438.0,,110.0,37.27
1-ALS-2-AL,1353.8,0.95,0.2,2.19,0.53,441.0,,230.53,55.79
1-ALS-2-AL,1365.8,1.44,0.06,3.24,0.74,438.0,,225.0,51.39
1-ALS-2-AL,1383.8,0.93,0.04,0.87,0.64,437.0,,93.55,68.82
1-ALS-2-AL,1434.8,0.79,0.22,1.46,0.54,439.0,,184.81,68.35
1-ALS-2-AL,1437.8,4.24,0.7,25.97,0.79,434.0,,612.5,18.63
1-ALS-2-AL,1455.8,1.06,0.08,1.67,0.75,435.0,,157.55,70.75
1-ALS-2-AL,1506.8,4.55,0.81,28.09,0.55,433.0,,617.36,12.09
1-ALS-2-AL,1578.8,0.34,,,,,,,
1-ALS-2-AL,1581.8,0.43,,,,,,,
1-ALS-2-AL,1599.8,1.15,0.08,2.61,0.55,442.0,,226.96,47.83
1-ALS-2-AL,1614.8,0.6,,,,,,,
1-ALS-2-AL,1626.8,2.18,0.76,10.58,0.42,439.0,,485.32,19.27
1-ALS-2-AL,1671.8,0.94,0.07,1.01,0.55,437.0,,107.45,58.51
1-ALS-2-AL,1692.8,0.84,,,,,,,
1-ALS-2-AL,1710.8,0.8,,,,,,,
1-ALS-2-AL,1725.8,1.12,0.09,1.0,0.33,440.0,,89.29,29.46
1-ALS-2-AL,1743.8,1.21,0.11,1.71,0.44,436.0,,141.32,36.36
1-ALS-2-AL,1761.8,2.72,0.57,9.96,0.45,434.0,,366.18,16.54
1-ALS-2-AL,1779.8,0.92,0.08,1.0,0.35,439.0,,108.7,38.04
1-ALS-2-AL,1797.8,2.18,0.28,9.59,0.33,439.0,,439.91,15.14
1-ALS-2-AL,1815.8,0.98,0.06,1.2,0.21,440.0,,122.45,21.43
1-ALS-2-AL,1833.8,0.73,,,,,,,
1-ALS-2-AL,1851.8,0.91,0.08,0.86,0.43,439.0,,94.51,47.25
1-ALS-2-AL,1854.8,1.1,0.37,2.29,0.3,442.0,,208.18,27.27
1-ALS-2-AL,1869.8,0.95,0.07,1.91,0.44,444.0,,201.05,46.32
1-ALS-2-AL,1887.8,1.03,0.1,1.46,0.43,440.0,,141.75,41.75
1-ALS-2-AL,1905.8,0.86,,,,,,,
1-ALS-2-AL,1923.8,0.9,0.1,0.93,0.36,439.0,,103.33,40.0
1-ALS-2-AL,1941.8,1.09,0.11,1.4,0.35,439.0,,128.44,32.11
1-ALS-2-AL,1959.8,0.14,0.1,0.3,0.2,445.0,,214.29,142.86
1-ALS-2-AL,1977.8,1.2,0.09,1.61,0.35,439.0,,134.17,29.17
1-ALS-2-AL,1995.8,0.99,0.05,0.98,0.38,435.0,,98.99,38.38
1-ALS-2-AL,2013.8,1.14,0.09,1.32,0.28,439.0,,115.79,24.56
1-ALS-2-AL,2031.8,0.87,,,,,,,
1-ALS-2-AL,2049.8,1.28,0.08,1.81,0.26,440.0,,141.41,20.31
1-ALS-2-AL,2067.8,0.87,,,,,,,
1-ALS-2-AL,2085.8,1.2,0.09,1.88,0.36,440.0,,156.67,30.0
1-ALS-2-AL,2103.8,0.84,,,,,,,
1-ALS-2-AL,2121.8,0.79,,,,,,,
1-ALS-2-AL,2139.8,1.76,0.12,3.48,0.36,438.0,,197.73,20.45
1-ALS-2-AL,2169.8,0.99,0.06,0.93,0.37,435.0,,93.94,37.37
1-ALS-2-AL,2181.8,0.62,0.25,0.51,0.2,448.0,,82.26,32.26
1-ALS-2-AL,2187.8,1.0,0.19,1.6,0.4,441.0,,160.0,40.0
1-ALS-2-AL,2223.8,0.82,,,,,,,
1-ALS-2-AL,2241.8,0.62,,,,,,,
1-ALS-2-AL,2277.8,0.81,,,,,,,
1-ALS-2-AL,2295.8,0.61,,,,,,,
1-ALS-2-AL,2331.8,0.46,,,,,,,
1-ALS-2-AL,2349.8,0.6,0.27,0.78,0.23,442.0,,130.0,38.33
1-ALS-2-AL,2367.8,0.89,,,,,,,
1-ALS-2-AL,2385.8,0.87,,,,,,,
1-ALS-2-AL,2403.8,0.48,,,,,,,
1-ALS-2-AL,2421.8,0.24,0.2,0.2,0.5,440.0,,83.33,208.33
1-ALS-2-AL,2439.8,0.87,,,,,,,
1-ALS-2-AL,2475.8,1.06,0.27,1.95,0.35,439.0,,183.96,33.02
1-ALS-2-AL,2511.8,0.75,,,,,,,
1-ALS-2-AL,2529.8,0.67,0.32,0.94,0.21,443.0,,140.3,31.34
1-ALS-2-AL,2547.8,1.39,0.11,1.38,0.31,438.0,,99.28,22.3
1-ALS-2-AL,2565.8,0.93,0.12,0.9,0.36,438.0,,96.77,38.71
1-ALS-2-AL,2583.8,1.01,0.1,1.08,0.28,440.0,,106.93,27.72
1-ALS-2-AL,2619.8,1.28,0.08,1.81,0.26,440.0,,141.41,20.31
1-ALS-2-AL,2637.8,0.96,0.08,1.05,0.28,439.0,,109.38,29.17
1-ALS-2-AL,2655.8,0.81,,,,,,,
1-ALS-2-AL,2670.8,1.76,0.75,2.66,0.36,442.0,,151.14,20.45
1-ALS-2-AL,2673.8,1.58,0.33,2.22,0.44,443.0,,140.51,27.85
1-ALS-2-AL,2691.8,0.97,0.16,0.8,0.47,424.0,,82.47,48.45
1-ALS-2-AL,2718.8,0.76,0.32,1.23,0.44,437.0,,161.84,57.89
1-ALS-2-AL,2799.8,0.43,0.1,0.2,0.4,446.0,,46.51,93.02
1-ALS-2-AL,2835.8,1.6,0.27,1.64,0.35,441.0,,102.5,21.88
1-ALS-2-AL,2889.8,0.77,,,,,,,
1-ALS-2-AL,2907.8,0.82,,,,,,,
1-ALS-2-AL,2925.8,0.76,,,,,,,
1-ALS-2-AL,2943.8,0.92,0.07,0.77,0.31,442.0,,83.7,33.7
1-ALS-2-AL,2958.8,0.79,0.33,0.83,0.22,443.0,,105.06,27.85
1-ALS-2-AL,2961.8,0.94,0.12,0.53,0.31,446.0,,56.38,32.98
1-ALS-2-AL,2982.8,0.7,,,,,,,
1-ALS-2-AL,2997.8,0.7,,,,,,,
1-ALS-2-AL,3009.8,1.19,0.18,1.49,0.37,438.0,,125.21,31.09
1-ALS-2-AL,3015.8,1.12,0.09,1.44,0.43,437.0,,128.57,38.39
1-ALS-2-AL,3033.8,0.79,,,,,,,
1-ALS-2-AL,3051.8,0.98,0.07,0.69,0.22,439.0,,70.41,22.45
1-ALS-2-AL,3087.8,0.74,,,,,,,
1-ALS-2-AL,3108.8,0.54,0.11,0.25,0.23,449.0,,46.3,42.59
1-ALS-2-AL,3123.8,0.72,,,,,,,
1-ALS-2-AL,3141.8,0.61,,,,,,,
1-ALS-2-AL,3159.8,0.5,,,,,,,
1-ALS-2-AL,3177.8,0.61,,,,,,,
1-ALS-2-AL,3195.8,0.61,,,,,,,
1-ALS-2-AL,3231.8,0.6,,,,,,,
1-ALS-2-AL,3249.8,0.66,,,,,,,
1-ALS-2-AL,3267.8,0.83,,,,,,,
1-ALS-2-AL,3285.8,0.62,,,,,,,
1-ALS-2-AL,3288.8,0.72,0.2,0.33,0.19,443.0,,45.83,26.39
1-ALS-2-AL,3303.8,0.26,0.1,0.1,0.3,,,38.46,115.38
1-ALS-2-AL,3336.8,0.72,0.2,0.2,0.2,,,27.78,27.78
1-ALS-2-AL,3369.8,0.52,,,,,,,
