Poço,Profundidade,COT,S1,S2,S3,Tmax,Ro,IH,IO
1-ALS-20-AL,1229.5,1.19,0.01,0.53,0.37,433.0,,44.54,31.09
1-ALS-20-AL,1289.5,1.47,0.02,1.37,0.26,432.0,,93.2,17.69
1-ALS-20-AL,1529.5,1.19,0.12,2.38,0.22,440.0,,200.0,18.49
1-ALS-20-AL,1649.5,1.0,0.19,0.98,0.68,441.0,,98.0,68.0
1-ALS-20-AL,1679.5,1.53,0.27,1.96,0.4,441.0,,128.1,26.14
1-ALS-20-AL,1709.5,0.91,0.09,0.96,0.66,440.0,,105.49,72.53
1-ALS-20-AL,1739.5,1.1,0.14,1.03,0.9,440.0,,93.64,81.82
1-ALS-20-AL,1829.5,1.49,0.13,1.05,0.26,442.0,,70.47,17.45
1-ALS-20-AL,1859.5,1.41,0.13,0.78,0.26,441.0,,55.32,18.44
1-ALS-20-AL,1889.5,1.3,0.1,0.83,0.26,442.0,,63.85,20.0
1-ALS-20-AL,1949.5,1.82,0.19,1.5,0.37,445.0,,82.42,20.33
1-ALS-20-AL,2009.5,2.03,0.29,1.9,0.33,446.0,,93.6,16.26
1-ALS-20-AL,2039.5,1.76,0.23,1.06,0.48,449.0,,60.23,27.27
1-ALS-20-AL,2129.5,1.4,0.15,0.5,0.38,449.0,,35.71,27.14
1-ALS-20-AL,2159.5,1.77,0.29,1.04,0.5,449.0,,58.76,28.25
1-ALS-20-AL,2189.5,1.96,0.22,2.0,0.34,447.0,,102.04,17.35
1-ALS-20-AL,2219.5,1.33,0.13,0.64,0.41,448.0,,48.12,30.83
1-ALS-20-AL,2249.5,1.34,0.12,0.5,0.28,449.0,,37.31,20.9
1-ALS-20-AL,2279.5,1.64,0.17,0.71,0.31,449.0,,43.29,18.9
1-ALS-20-AL,2369.5,1.64,0.22,0.7,0.63,450.0,,42.68,38.41
1-ALS-20-AL,2399.5,1.54,0.25,0.73,0.44,454.0,,47.4,28.57
1-ALS-20-AL,2429.5,1.67,0.25,0.97,0.47,453.0,,58.08,28.14
1-ALS-20-AL,2549.5,1.56,0.21,0.65,0.36,453.0,,41.67,23.08
1-ALS-20-AL,2579.5,1.39,0.16,0.39,0.36,457.0,,28.06,25.9
1-ALS-20-AL,2609.5,1.29,0.13,0.3,0.31,461.0,,23.26,24.03
1-ALS-20-AL,2639.5,1.29,0.1,0.23,0.27,469.0,,17.83,20.93
1-ALS-20-AL,2819.5,1.35,0.11,0.23,0.26,459.0,,17.04,19.26
1-ALS-20-AL,2849.5,1.5,0.13,0.23,0.25,465.0,,15.33,16.67
1-ALS-20-AL,2879.5,1.52,0.08,0.23,0.24,488.0,,15.13,15.79
1-ALS-20-AL,2909.5,1.55,0.11,0.23,0.21,488.0,,14.84,13.55
1-ALS-20-AL,2939.5,1.67,0.15,0.36,0.33,471.0,,21.56,19.76
1-ALS-20-AL,481.5,1.44,,0.6,0.5,423.0,,41.67,34.72
1-ALS-20-AL,659.5,0.2,,1.2,0.1,432.0,,600.0,50.0
1-ALS-20-AL,1229.5,1.02,0.1,1.0,0.3,432.0,,98.04,29.41
1-ALS-20-AL,1244.5,2.3,0.03,8.6,0.3,438.0,,373.91,13.04
1-ALS-20-AL,1259.5,0.15,0.01,0.05,0.1,,,33.33,66.67
1-ALS-20-AL,1274.5,0.42,0.01,0.07,,432.0,,16.67,
1-ALS-20-AL,1304.5,1.17,0.01,1.3,0.07,436.0,,111.11,5.98
1-ALS-20-AL,1319.5,1.33,0.01,2.3,0.07,437.0,,172.93,5.26
1-ALS-20-AL,1334.5,0.11,,0.3,0.1,435.0,,272.73,90.91
1-ALS-20-AL,1349.5,1.66,0.2,5.3,0.2,433.0,,319.28,12.05
1-ALS-20-AL,1364.5,1.24,,2.5,0.1,438.0,,201.61,8.06
1-ALS-20-AL,1379.5,0.54,,,0.14,438.0,,,25.93
1-ALS-20-AL,1394.5,0.29,,0.03,0.07,436.0,,10.34,24.14
1-ALS-20-AL,1409.5,0.11,,0.1,0.1,439.0,,90.91,90.91
1-ALS-20-AL,1424.5,0.72,0.2,0.6,0.2,439.0,,83.33,27.78
1-ALS-20-AL,1439.5,0.6,0.1,1.6,0.16,440.0,,266.67,26.67
1-ALS-20-AL,1454.5,0.34,,0.7,0.1,442.0,,205.88,29.41
1-ALS-20-AL,1469.5,0.15,,0.4,0.1,439.0,,266.67,66.67
1-ALS-20-AL,1484.5,0.1,,0.2,0.1,438.0,,200.0,100.0
1-ALS-20-AL,1499.5,0.06,,0.1,0.1,439.0,,166.67,166.67
1-ALS-20-AL,1514.5,1.29,0.35,7.22,0.74,437.0,,559.69,57.36
1-ALS-20-AL,1529.5,0.78,0.24,3.17,0.32,438.0,,406.41,41.03
1-ALS-20-AL,1544.5,0.86,0.13,1.23,0.18,438.0,,143.02,20.93
1-ALS-20-AL,1559.5,0.65,0.14,1.03,0.39,439.0,,158.46,60.0
1-ALS-20-AL,1574.5,0.96,0.31,2.4,0.22,440.0,,250.0,22.92
1-ALS-20-AL,1589.5,0.93,0.4,2.42,0.37,438.0,,260.22,39.78
1-ALS-20-AL,1604.5,0.06,0.04,0.09,0.16,,,150.0,266.67
1-ALS-20-AL,1619.5,0.06,0.05,0.05,0.23,,,83.33,383.33
1-ALS-20-AL,1634.5,0.21,0.11,0.35,0.23,438.0,,166.67,109.52
1-ALS-20-AL,1649.5,0.25,0.16,0.24,0.22,439.0,,96.0,88.0
1-ALS-20-AL,1664.5,1.24,0.52,2.13,0.64,443.0,,171.77,51.61
1-ALS-20-AL,1679.5,1.88,0.96,6.4,0.5,442.0,,340.43,26.6
1-ALS-20-AL,1694.5,1.08,0.46,1.45,0.24,442.0,,134.26,22.22
1-ALS-20-AL,1709.5,1.7,0.58,4.71,0.49,443.0,,277.06,28.82
1-ALS-20-AL,1724.5,0.52,0.38,0.94,1.66,440.0,,180.77,319.23
1-ALS-20-AL,1739.5,1.35,0.3,4.23,0.32,442.0,,313.33,23.7
1-ALS-20-AL,1754.5,0.49,0.33,3.97,0.31,443.0,,810.2,63.27
1-ALS-20-AL,1769.5,1.43,0.14,0.39,0.21,445.0,,27.27,14.69
1-ALS-20-AL,1784.5,1.38,0.22,1.38,0.24,446.0,,100.0,17.39
1-ALS-20-AL,1799.5,0.92,0.16,0.89,0.22,444.0,,96.74,23.91
1-ALS-20-AL,1814.5,0.97,0.7,0.78,0.2,449.0,,80.41,20.62
1-ALS-20-AL,1829.5,1.13,0.22,0.99,0.24,449.0,,87.61,21.24
1-ALS-20-AL,1844.5,1.26,0.23,1.44,0.19,444.0,,114.29,15.08
1-ALS-20-AL,1859.5,0.85,0.17,0.8,0.2,446.0,,94.12,23.53
1-ALS-20-AL,1874.5,0.81,0.25,0.73,0.26,447.0,,90.12,32.1
1-ALS-20-AL,1889.5,0.73,0.18,0.67,0.2,446.0,,91.78,27.4
1-ALS-20-AL,1904.5,1.07,0.19,0.91,0.2,446.0,,85.05,18.69
1-ALS-20-AL,1919.5,1.33,0.21,0.8,0.24,449.0,,60.15,18.05
1-ALS-20-AL,1934.5,0.63,0.13,0.34,0.14,452.0,,53.97,22.22
1-ALS-20-AL,1949.5,0.76,0.14,0.37,0.18,452.0,,48.68,23.68
1-ALS-20-AL,1964.5,1.77,0.68,3.62,0.42,443.0,,204.52,23.73
1-ALS-20-AL,1979.5,0.7,0.2,0.69,0.24,446.0,,98.57,34.29
1-ALS-20-AL,1994.5,0.75,0.11,0.49,0.17,451.0,,65.33,22.67
1-ALS-20-AL,2009.5,0.11,0.02,0.07,0.07,,,63.64,63.64
1-ALS-20-AL,2024.5,2.19,0.63,4.09,0.4,445.0,,186.76,18.26
1-ALS-20-AL,2039.5,0.87,0.22,0.78,0.18,446.0,,89.66,20.69
1-ALS-20-AL,2054.5,0.43,0.11,0.31,0.1,452.0,,72.09,23.26
1-ALS-20-AL,2069.5,0.3,0.05,0.15,0.05,451.0,,50.0,16.67
1-ALS-20-AL,2084.5,1.23,0.28,1.7,0.18,447.0,,138.21,14.63
1-ALS-20-AL,2099.5,0.54,0.1,0.42,0.24,449.0,,77.78,44.44
1-ALS-20-AL,2114.5,0.68,0.14,0.45,0.13,448.0,,66.18,19.12
1-ALS-20-AL,2129.5,0.88,0.18,0.58,0.29,450.0,,65.91,32.95
1-ALS-20-AL,2144.5,0.3,0.06,0.15,0.19,451.0,,50.0,63.33
1-ALS-20-AL,2159.5,0.44,0.12,0.19,0.24,458.0,,43.18,54.55
1-ALS-20-AL,2174.5,1.2,0.32,2.65,0.31,446.0,,220.83,25.83
1-ALS-20-AL,2189.5,1.14,0.28,0.72,0.31,454.0,,63.16,27.19
1-ALS-20-AL,2204.5,0.75,0.2,0.55,0.4,451.0,,73.33,53.33
1-ALS-20-AL,2219.5,1.37,0.33,3.05,0.4,446.0,,222.63,29.2
1-ALS-20-AL,2234.5,0.91,0.21,0.55,0.32,456.0,,60.44,35.16
1-ALS-20-AL,2249.5,1.27,0.2,0.8,0.3,456.0,,62.99,23.62
1-ALS-20-AL,2264.5,0.72,0.1,0.4,0.3,459.0,,55.56,41.67
1-ALS-20-AL,2279.5,0.87,0.2,0.4,0.3,457.0,,45.98,34.48
1-ALS-20-AL,2294.5,1.38,0.4,1.6,0.5,452.0,,115.94,36.23
1-ALS-20-AL,2309.5,1.6,0.6,2.5,0.7,443.0,,156.25,43.75
1-ALS-20-AL,2324.5,0.92,0.3,0.6,0.4,448.0,,65.22,43.48
1-ALS-20-AL,2339.5,1.14,0.3,0.5,0.4,462.0,,43.86,35.09
1-ALS-20-AL,2354.5,1.1,0.3,0.7,0.4,459.0,,63.64,36.36
1-ALS-20-AL,2369.5,0.9,0.4,0.6,0.5,454.0,,66.67,55.56
1-ALS-20-AL,2384.5,0.73,0.2,0.5,0.4,455.0,,68.49,54.79
1-ALS-20-AL,2399.5,1.09,0.3,1.0,0.8,450.0,,91.74,73.39
1-ALS-20-AL,2414.5,2.85,0.5,10.4,0.7,434.0,,364.91,24.56
1-ALS-20-AL,2429.5,0.96,0.2,0.6,0.4,458.0,,62.5,41.67
1-ALS-20-AL,2444.5,0.6,0.2,0.4,0.3,455.0,,66.67,50.0
1-ALS-20-AL,2459.5,0.79,0.3,0.9,0.6,440.0,,113.92,75.95
1-ALS-20-AL,2474.5,1.09,0.4,0.7,0.6,453.0,,64.22,55.05
1-ALS-20-AL,2489.5,1.84,0.36,0.9,0.36,460.0,,48.91,19.57
1-ALS-20-AL,2504.5,2.86,0.41,2.0,0.36,452.0,,69.93,12.59
1-ALS-20-AL,2519.5,0.7,0.14,0.94,0.22,446.0,,134.29,31.43
1-ALS-20-AL,2534.5,1.01,0.29,1.39,0.43,437.0,,137.62,42.57
1-ALS-20-AL,2549.5,0.76,0.25,0.84,0.43,436.0,,110.53,56.58
1-ALS-20-AL,2564.5,1.04,0.37,1.8,0.48,435.0,,173.08,46.15
1-ALS-20-AL,2579.5,1.04,0.26,0.74,0.52,453.0,,71.15,50.0
1-ALS-20-AL,2594.5,0.77,0.07,0.23,0.37,468.0,,29.87,48.05
1-ALS-20-AL,2609.5,0.73,0.03,0.15,0.37,472.0,,20.55,50.68
1-ALS-20-AL,2624.5,0.9,0.06,0.27,0.34,461.0,,30.0,37.78
1-ALS-20-AL,2639.5,0.74,0.04,0.18,0.3,475.0,,24.32,40.54
1-ALS-20-AL,2649.5,0.72,0.06,0.19,0.35,474.0,,26.39,48.61
1-ALS-20-AL,2659.5,0.76,0.05,0.17,0.2,486.0,,22.37,26.32
1-ALS-20-AL,2669.5,0.92,0.07,0.22,0.18,478.0,,23.91,19.57
1-ALS-20-AL,2679.5,0.79,0.07,0.18,0.23,486.0,,22.78,29.11
1-ALS-20-AL,2689.5,1.07,0.34,1.57,0.35,429.0,,146.73,32.71
1-ALS-20-AL,2699.5,0.84,0.18,1.18,0.24,436.0,,140.48,28.57
1-ALS-20-AL,2709.5,0.88,0.14,0.83,0.26,436.0,,94.32,29.55
1-ALS-20-AL,2719.5,0.6,0.05,0.26,0.13,456.0,,43.33,21.67
1-ALS-20-AL,2729.5,0.62,0.03,0.31,0.15,456.0,,50.0,24.19
1-ALS-20-AL,2739.5,0.64,0.11,0.57,0.21,460.0,,89.06,32.81
1-ALS-20-AL,2749.5,0.44,0.08,0.13,0.27,490.0,,29.55,61.36
1-ALS-20-AL,2759.5,0.44,0.06,0.09,0.23,,,20.45,52.27
1-ALS-20-AL,2769.5,0.47,0.08,0.14,0.28,482.0,,29.79,59.57
1-ALS-20-AL,2779.5,0.47,0.08,0.18,0.23,483.0,,38.3,48.94
1-ALS-20-AL,2789.5,0.5,0.06,0.1,0.24,494.0,,20.0,48.0
1-ALS-20-AL,2799.5,0.56,0.08,0.16,0.13,484.0,,28.57,23.21
1-ALS-20-AL,2809.5,0.75,0.15,0.36,0.18,474.0,,48.0,24.0
1-ALS-20-AL,2819.5,0.71,0.15,0.52,0.16,456.0,,73.24,22.54
1-ALS-20-AL,2829.5,0.83,0.12,0.31,0.25,471.0,,37.35,30.12
1-ALS-20-AL,2839.5,0.92,0.18,0.41,0.24,467.0,,44.57,26.09
1-ALS-20-AL,2849.5,0.95,0.18,0.38,0.24,473.0,,40.0,25.26
1-ALS-20-AL,2859.5,0.8,0.16,0.27,0.3,473.0,,33.75,37.5
1-ALS-20-AL,2869.5,1.03,0.17,0.35,0.32,478.0,,33.98,31.07
1-ALS-20-AL,2879.5,1.27,0.19,0.47,0.28,478.0,,37.01,22.05
1-ALS-20-AL,2889.5,1.04,0.17,0.34,0.27,485.0,,32.69,25.96
1-ALS-20-AL,2899.5,1.09,0.16,0.32,0.26,484.0,,29.36,23.85
1-ALS-20-AL,2909.5,1.09,0.17,0.4,0.25,476.0,,36.7,22.94
1-ALS-20-AL,2919.5,0.95,0.24,0.36,0.41,482.0,,37.89,43.16
1-ALS-20-AL,2929.5,0.78,0.13,0.21,0.24,484.0,,26.92,30.77
1-ALS-20-AL,2939.5,0.66,0.13,0.19,0.22,480.0,,28.79,33.33
1-ALS-20-AL,2941.5,0.58,0.13,0.21,0.26,475.0,,36.21,44.83
