Poço,Profundidade,COT,S1,S2,S3,Tmax,Ro,IH,IO
1-ALS-24-AL,750.0,1.53,0.2,0.97,2.38,418.0,,63.4,155.56
1-ALS-24-AL,780.0,0.87,0.13,0.51,1.92,421.0,,58.62,220.69
1-ALS-24-AL,930.0,1.5,0.35,1.08,2.33,426.0,,72.0,155.33
1-ALS-24-AL,960.0,1.27,0.08,0.82,3.32,424.0,,64.57,261.42
1-ALS-24-AL,990.0,1.12,0.27,0.63,1.52,431.0,,56.25,135.71
1-ALS-24-AL,1020.0,1.18,0.11,0.54,1.74,424.0,,45.76,147.46
1-ALS-24-AL,1050.0,1.05,0.16,0.41,1.49,422.0,,39.05,141.9
1-ALS-24-AL,1080.0,1.16,0.27,0.64,1.6,426.0,,55.17,137.93
1-ALS-24-AL,1110.0,0.94,0.08,0.35,1.42,423.0,,37.23,151.06
1-ALS-24-AL,1140.0,0.98,0.12,0.43,1.35,428.0,,43.88,137.76
1-ALS-24-AL,1200.0,0.81,0.19,0.37,1.03,432.0,,45.68,127.16
1-ALS-24-AL,1230.0,0.66,,,,,,,
1-ALS-24-AL,1260.0,0.67,,,,,,,
1-ALS-24-AL,1290.0,1.07,0.17,0.55,1.47,428.0,,51.4,137.38
1-ALS-24-AL,1320.0,0.67,,,,,,,
1-ALS-24-AL,1350.0,0.69,,,,,,,
1-ALS-24-AL,1380.0,0.68,,,,,,,
1-ALS-24-AL,1410.0,0.73,,,,,,,
1-ALS-24-AL,1440.0,0.68,,,,,,,
1-ALS-24-AL,1470.0,1.03,0.21,0.17,1.06,428.0,,16.5,102.91
1-ALS-24-AL,1500.0,0.81,,,,,,,
1-ALS-24-AL,1530.0,0.82,,,,,,,
1-ALS-24-AL,1560.0,0.89,,,,,,,
1-ALS-24-AL,1590.0,0.76,,,,,,,
1-ALS-24-AL,1620.0,0.7,,,,,,,
1-ALS-24-AL,1650.0,0.62,,,,,,,
1-ALS-24-AL,1680.0,0.73,,,,,,,
1-ALS-24-AL,1710.0,0.62,,,,,,,
1-ALS-24-AL,1740.0,0.84,,,,,,,
1-ALS-24-AL,1770.0,0.76,,,,,,,
1-ALS-24-AL,1800.0,0.91,0.05,0.16,0.28,429.0,,17.58,30.77
1-ALS-24-AL,1830.0,0.84,,,,,,,
1-ALS-24-AL,1860.0,0.81,,,,,,,
1-ALS-24-AL,1890.0,0.82,,,,,,,
1-ALS-24-AL,1920.0,0.83,,,,,,,
1-ALS-24-AL,1950.0,0.77,,,,,,,
1-ALS-24-AL,1980.0,0.65,,,,,,,
1-ALS-24-AL,2010.0,0.77,,,,,,,
1-ALS-24-AL,2040.0,0.81,,,,,,,
1-ALS-24-AL,2070.0,0.83,,,,,,,
1-ALS-24-AL,2100.0,0.91,0.1,0.42,0.42,434.0,,46.15,46.15
1-ALS-24-AL,2130.0,0.91,0.07,0.28,0.2,434.0,,30.77,21.98
1-ALS-24-AL,2160.0,0.81,,,,,,,
1-ALS-24-AL,2220.0,0.14,,,,,,,
1-ALS-24-AL,2310.0,0.1,,,,,,,
1-ALS-24-AL,2430.0,1.4,0.24,1.27,0.6,433.0,,90.71,42.86
1-ALS-24-AL,2460.0,1.66,1.26,1.9,0.74,433.0,,114.46,44.58
1-ALS-24-AL,2490.0,1.71,0.44,1.64,0.39,434.0,,95.91,22.81
1-ALS-24-AL,2550.0,2.23,0.5,2.29,0.67,434.0,,102.69,30.04
1-ALS-24-AL,2640.0,1.73,1.86,2.32,0.94,429.0,,134.1,54.34
1-ALS-24-AL,2880.0,2.88,0.66,8.23,0.82,438.0,,285.76,28.47
1-ALS-24-AL,2910.0,2.98,0.51,1.48,0.73,438.0,,49.66,24.5
1-ALS-24-AL,2940.0,3.37,1.25,5.64,0.01,434.0,,167.36,0.3
1-ALS-24-AL,3000.0,1.94,0.54,1.85,0.57,441.0,,95.36,29.38
1-ALS-24-AL,3060.0,4.84,1.12,11.86,0.75,440.0,,245.04,15.5
1-ALS-24-AL,3090.0,1.72,0.67,2.81,0.72,440.0,,163.37,41.86
1-ALS-24-AL,3120.0,5.37,1.81,20.05,0.79,440.0,,373.37,14.71
1-ALS-24-AL,3150.0,2.41,0.56,3.26,0.72,447.0,,135.27,29.88
1-ALS-24-AL,3180.0,3.22,1.58,6.7,1.01,440.0,,208.07,31.37
1-ALS-24-AL,3210.0,5.61,0.58,13.61,0.67,439.0,,242.6,11.94
1-ALS-24-AL,3240.0,1.96,0.78,3.23,0.65,442.0,,164.8,33.16
1-ALS-24-AL,3270.0,1.22,0.44,1.15,0.41,446.0,,94.26,33.61
1-ALS-24-AL,3330.0,2.24,1.2,4.22,0.88,441.0,,188.39,39.29
1-ALS-24-AL,3360.0,1.43,0.77,1.54,0.48,444.0,,107.69,33.57
1-ALS-24-AL,3390.0,1.62,0.61,1.65,0.69,439.0,,101.85,42.59
1-ALS-24-AL,3450.0,1.69,0.63,2.05,0.49,440.0,,121.3,28.99
