Poço,Profundidade,COT,S1,S2,S3,Tmax,Ro,IH,IO
1-ALS-18-AL,904.0,0.89,,,,,,,
1-ALS-18-AL,934.0,0.88,,,,,,,
1-ALS-18-AL,964.0,0.05,,,,,,,
1-ALS-18-AL,994.0,0.31,0.17,0.84,0.36,422.0,,270.97,116.13
1-ALS-18-AL,1024.0,1.95,0.4,5.77,1.0,421.0,,295.9,51.28
1-ALS-18-AL,1054.0,1.32,0.25,2.83,0.71,423.0,,214.39,53.79
1-ALS-18-AL,1084.0,2.5,0.23,7.36,1.1,423.0,,294.4,44.0
1-ALS-18-AL,1114.0,3.04,0.39,10.7,1.27,422.0,,351.97,41.78
1-ALS-18-AL,1144.0,3.29,0.29,12.52,1.43,420.0,,380.55,43.47
1-ALS-18-AL,1174.0,1.83,0.19,4.73,1.01,423.0,,258.47,55.19
1-ALS-18-AL,1204.0,4.73,0.52,18.44,1.53,418.0,,389.85,32.35
1-ALS-18-AL,1234.0,4.02,0.6,19.26,0.88,416.0,,479.1,21.89
1-ALS-18-AL,1264.0,3.35,0.43,13.91,0.98,423.0,,415.22,29.25
1-ALS-18-AL,1384.0,2.74,0.52,9.54,1.17,421.0,,348.18,42.7
1-ALS-18-AL,1444.0,10.9,0.54,77.04,1.54,429.0,,706.79,14.13
1-ALS-18-AL,1474.0,3.47,0.49,15.24,0.76,430.0,,439.19,21.9
1-ALS-18-AL,1504.0,3.84,0.86,22.54,0.98,432.0,,586.98,25.52
1-ALS-18-AL,1534.0,9.14,1.13,70.28,1.22,434.0,,768.93,13.35
1-ALS-18-AL,1564.0,6.8,0.87,44.28,0.87,432.0,,651.18,12.79
1-ALS-18-AL,1594.0,3.14,0.47,12.52,0.78,434.0,,398.73,24.84
1-ALS-18-AL,1624.0,2.21,0.57,9.06,0.34,433.0,,409.95,15.38
1-ALS-18-AL,1744.0,1.38,0.2,3.88,0.51,435.0,,281.16,36.96
1-ALS-18-AL,1954.0,2.34,0.47,9.16,0.51,434.0,,391.45,21.79
1-ALS-18-AL,1984.0,2.66,0.56,10.13,0.58,434.0,,380.83,21.8
1-ALS-18-AL,2014.0,2.78,0.48,11.57,0.75,434.0,,416.19,26.98
1-ALS-18-AL,2074.0,1.76,0.26,6.01,0.55,432.0,,341.48,31.25
1-ALS-18-AL,2104.0,3.1,0.55,13.48,0.62,431.0,,434.84,20.0
