Poço,Profundidade,COT,S1,S2,S3,Tmax,Ro,IH,IO
1-BAS-60-BAS,1314.0,1.43,0.16,0.99,1.99,422.0,,69.23,139.16
1-BAS-60-BAS,1332.0,0.63,,,,,,,
1-BAS-60-BAS,1350.0,0.86,,,,,,,
1-BAS-60-BAS,1368.0,1.03,0.12,2.66,1.86,430.0,,258.25,180.58
1-BAS-60-BAS,1386.0,1.37,0.13,3.0,2.24,430.0,,218.98,163.5
1-BAS-60-BAS,1404.0,0.78,,,,,,,
1-BAS-60-BAS,1422.0,0.77,,,,,,,
1-BAS-60-BAS,1440.0,0.64,,,,,,,
1-BAS-60-BAS,1458.0,0.49,,,,,,,
1-BAS-60-BAS,1494.0,0.7,,,,,,,
1-BAS-60-BAS,1512.0,0.81,,,,,,,
1-BAS-60-BAS,1530.0,0.71,,,,,,,
1-BAS-60-BAS,1548.0,0.72,,,,,,,
1-BAS-60-BAS,1566.0,0.8,,,,,,,
1-BAS-60-BAS,1584.0,0.79,,,,,,,
1-BAS-60-BAS,1602.0,0.74,,,,,,,
1-BAS-60-BAS,1620.0,0.67,,,,,,,
1-BAS-60-BAS,1656.0,0.78,,,,,,,
1-BAS-60-BAS,1674.0,0.84,,,,,,,
1-BAS-60-BAS,1692.0,0.89,,,,,,,
1-BAS-60-BAS,1710.0,0.78,,,,,,,
1-BAS-60-BAS,1728.0,1.05,0.06,1.07,1.7,429.0,,101.9,161.9
1-BAS-60-BAS,1746.0,0.76,,,,,,,
1-BAS-60-BAS,1764.0,0.84,,,,,,,
1-BAS-60-BAS,1782.0,0.78,,,,,,,
1-BAS-60-BAS,1800.0,1.02,0.04,1.0,2.13,434.0,,98.04,208.82
1-BAS-60-BAS,1818.0,1.02,0.06,0.89,1.87,430.0,,87.25,183.33
1-BAS-60-BAS,1836.0,1.16,0.05,1.24,0.74,434.0,,106.9,63.79
1-BAS-60-BAS,1854.0,0.93,,,,,,,
1-BAS-60-BAS,1872.0,0.75,,,,,,,
1-BAS-60-BAS,1890.0,0.58,,,,,,,
1-BAS-60-BAS,1926.0,0.65,,,,,,,
1-BAS-60-BAS,1944.0,0.67,,,,,,,
1-BAS-60-BAS,1962.0,0.48,,,,,,,
1-BAS-60-BAS,1968.0,0.39,0.09,0.33,1.18,426.0,,84.62,302.56
1-BAS-60-BAS,1974.0,0.43,0.09,0.38,0.99,426.0,,88.37,230.23
1-BAS-60-BAS,1986.0,0.73,0.11,0.77,1.5,431.0,,105.48,205.48
1-BAS-60-BAS,1992.0,0.58,0.1,0.55,1.23,429.0,,94.83,212.07
1-BAS-60-BAS,1998.0,0.49,0.08,0.53,1.32,430.0,,108.16,269.39
1-BAS-60-BAS,2004.0,0.54,0.11,0.54,1.98,423.0,,100.0,366.67
1-BAS-60-BAS,2010.0,0.61,0.11,0.7,1.82,427.0,,114.75,298.36
1-BAS-60-BAS,2016.0,0.7,0.1,0.73,1.89,428.0,,104.29,270.0
1-BAS-60-BAS,2022.0,0.56,0.11,0.69,1.51,429.0,,123.21,269.64
1-BAS-60-BAS,2028.0,0.67,0.1,0.94,1.78,432.0,,140.3,265.67
1-BAS-60-BAS,2034.0,0.49,0.04,0.65,0.97,425.0,,132.65,197.96
1-BAS-60-BAS,2040.0,0.65,0.04,0.69,1.14,426.0,,106.15,175.38
1-BAS-60-BAS,2046.0,0.53,0.04,0.42,1.28,425.0,,79.25,241.51
1-BAS-60-BAS,2052.0,0.61,0.06,0.6,1.46,425.0,,98.36,239.34
1-BAS-60-BAS,2058.0,0.92,0.08,1.35,1.43,426.0,,146.74,155.43
1-BAS-60-BAS,2070.0,0.8,,,,,,,
1-BAS-60-BAS,2592.0,0.14,,,,,,,
1-BAS-60-BAS,2844.0,0.19,,,,,,,
