Poço,Profundidade,COT,S1,S2,S3,Tmax,Ro,IH,IO
1-BAS-42-BA,774.5,0.85,,,,,,,
1-BAS-42-BA,780.5,0.71,,,,,,,
1-BAS-42-BA,789.5,1.42,,6.79,0.6,448.0,,478.17,42.25
1-BAS-42-BA,804.5,1.09,,4.47,0.62,449.0,,410.09,56.88
1-BAS-42-BA,819.5,1.15,0.02,5.77,0.57,446.0,,501.74,49.57
1-BAS-42-BA,834.5,1.03,,5.07,0.47,444.0,,492.23,45.63
1-BAS-42-BA,849.5,0.96,,3.71,0.55,451.0,,386.46,57.29
1-BAS-42-BA,864.5,0.86,,,,,,,
1-BAS-42-BA,879.5,0.92,,,,,,,
1-BAS-42-BA,894.5,0.65,,,,,,,
1-BAS-42-BA,909.5,0.54,,,,,,,
1-BAS-42-BA,924.5,0.49,,,,,,,
1-BAS-42-BA,939.5,0.65,,,,,,,
1-BAS-42-BA,1029.5,0.89,,,,,,,
1-BAS-42-BA,1044.5,0.8,,,,,,,
1-BAS-42-BA,1059.5,0.86,,,,,,,
1-BAS-42-BA,1074.5,0.73,,,,,,,
1-BAS-42-BA,1089.5,0.63,,,,,,,
1-BAS-42-BA,1104.5,0.37,,,,,,,
1-BAS-42-BA,1119.5,0.69,,,,,,,
1-BAS-42-BA,1134.5,0.85,,,,,,,
1-BAS-42-BA,1149.5,0.85,,,,,,,
1-BAS-42-BA,1164.5,0.58,,,,,,,
1-BAS-42-BA,1179.5,0.67,,,,,,,
1-BAS-42-BA,1194.5,0.85,,,,,,,
1-BAS-42-BA,1209.5,0.6,,,,,,,
1-BAS-42-BA,1224.5,0.68,,,,,,,
1-BAS-42-BA,1239.5,0.87,,,,,,,
1-BAS-42-BA,1254.5,0.83,,,,,,,
1-BAS-42-BA,1269.5,1.17,0.18,11.31,0.35,449.0,,966.67,29.91
1-BAS-42-BA,1284.5,0.65,,,,,,,
1-BAS-42-BA,1299.5,0.67,,,,,,,
1-BAS-42-BA,1314.5,0.47,,,,,,,
1-BAS-42-BA,1329.5,0.42,,,,,,,
1-BAS-42-BA,1344.5,0.57,,,,,,,
1-BAS-42-BA,1359.5,0.6,,,,,,,
1-BAS-42-BA,1374.5,0.65,,,,,,,
1-BAS-42-BA,1389.5,0.6,,,,,,,
1-BAS-42-BA,1404.5,1.68,0.39,18.75,0.25,447.0,,1116.07,14.88
1-BAS-42-BA,1419.5,0.81,,,,,,,
1-BAS-42-BA,1434.5,1.04,0.07,8.01,0.43,448.0,,770.19,41.35
1-BAS-42-BA,1449.5,0.75,,,,,,,
1-BAS-42-BA,1464.5,0.86,,,,,,,
1-BAS-42-BA,1479.5,0.91,,,,,,,
1-BAS-42-BA,1494.5,0.66,,,,,,,
1-BAS-42-BA,1509.5,0.45,,,,,,,
1-BAS-42-BA,1524.5,0.45,,,,,,,
1-BAS-42-BA,1539.5,0.63,,,,,,,
1-BAS-42-BA,1554.5,0.52,,,,,,,
1-BAS-42-BA,1569.5,0.63,,,,,,,
1-BAS-42-BA,1584.5,0.44,,,,,,,
1-BAS-42-BA,1599.5,0.58,,,,,,,
1-BAS-42-BA,1614.5,0.44,,,,,,,
1-BAS-42-BA,1629.5,0.58,,,,,,,
1-BAS-42-BA,1644.5,0.5,,,,,,,
1-BAS-42-BA,1659.5,0.67,,,,,,,
1-BAS-42-BA,1674.5,0.49,,,,,,,
1-BAS-42-BA,1689.5,0.61,,,,,,,
1-BAS-42-BA,1704.5,0.5,,,,,,,
1-BAS-42-BA,1719.5,0.49,,,,,,,
1-BAS-42-BA,1734.5,0.54,,,,,,,
1-BAS-42-BA,1749.5,0.56,,,,,,,
1-BAS-42-BA,1764.5,0.73,,,,,,,
1-BAS-42-BA,1779.5,0.68,,,,,,,
1-BAS-42-BA,1794.5,0.64,,,,,,,
1-BAS-42-BA,1809.5,0.49,,,,,,,
1-BAS-42-BA,1824.5,0.5,,,,,,,
1-BAS-42-BA,1854.5,0.74,,,,,,,
1-BAS-42-BA,1869.5,0.5,,,,,,,
1-BAS-42-BA,1884.5,0.55,,,,,,,
1-BAS-42-BA,1899.5,0.5,,,,,,,
1-BAS-42-BA,1914.5,0.46,,,,,,,
1-BAS-42-BA,1929.5,0.61,,,,,,,
1-BAS-42-BA,1944.5,0.59,,,,,,,
1-BAS-42-BA,1959.5,0.59,,,,,,,
1-BAS-42-BA,1974.5,0.58,,,,,,,
1-BAS-42-BA,1989.5,0.57,,,,,,,
1-BAS-42-BA,2004.5,0.42,,,,,,,
1-BAS-42-BA,2019.5,0.59,,,,,,,
1-BAS-42-BA,2034.5,0.43,,,,,,,
1-BAS-42-BA,2049.5,0.58,,,,,,,
1-BAS-42-BA,2064.5,0.78,,,,,,,
1-BAS-42-BA,2079.5,0.68,,,,,,,
1-BAS-42-BA,2094.5,1.69,0.85,7.44,0.23,456.0,,440.24,13.61
1-BAS-42-BA,2109.5,1.85,1.0,5.56,0.17,445.0,,300.54,9.19
1-BAS-42-BA,2124.5,2.3,1.42,9.88,0.08,447.0,,429.57,3.48
1-BAS-42-BA,2139.5,1.45,0.72,5.76,0.16,440.0,,397.24,11.03
1-BAS-42-BA,2154.5,0.9,,,,,,,
1-BAS-42-BA,2169.5,0.81,,,,,,,
1-BAS-42-BA,2184.5,0.69,,,,,,,
1-BAS-42-BA,2199.5,0.85,,,,,,,
1-BAS-42-BA,2214.5,0.88,,,,,,,
1-BAS-42-BA,2229.5,0.64,,,,,,,
1-BAS-42-BA,2244.5,0.72,,,,,,,
1-BAS-42-BA,2259.5,0.78,,,,,,,
1-BAS-42-BA,2274.5,0.8,,,,,,,
1-BAS-42-BA,2289.5,0.79,,,,,,,
1-BAS-42-BA,2304.5,0.58,,,,,,,
1-BAS-42-BA,2319.5,0.52,,,,,,,
1-BAS-42-BA,2334.5,0.37,,,,,,,
1-BAS-42-BA,2349.5,0.52,,,,,,,
1-BAS-42-BA,2364.5,0.42,,,,,,,
1-BAS-42-BA,2379.5,0.47,,,,,,,
1-BAS-42-BA,2394.5,0.44,,,,,,,
1-BAS-42-BA,2409.5,0.37,,,,,,,
1-BAS-42-BA,2424.5,0.46,,,,,,,
1-BAS-42-BA,2439.5,0.42,,,,,,,
1-BAS-42-BA,2454.5,0.4,,,,,,,
1-BAS-42-BA,2469.5,0.45,,,,,,,
1-BAS-42-BA,2484.5,0.63,,,,,,,
1-BAS-42-BA,2499.5,0.57,,,,,,,
1-BAS-42-BA,2514.5,0.55,,,,,,,
1-BAS-42-BA,2529.5,0.33,,,,,,,
