Poço,Profundidade,COT,S1,S2,S3,Tmax,Ro,IH,IO
1-BAS-43-BA,309.2,3.64,0.81,28.12,1.79,445.0,,772.53,49.18
1-BAS-43-BA,339.2,3.06,0.91,19.2,1.65,441.0,,627.45,53.92
1-BAS-43-BA,369.2,2.83,0.74,19.82,1.79,439.0,,700.35,63.25
1-BAS-43-BA,399.2,3.13,0.87,21.7,1.45,443.0,,693.29,46.33
1-BAS-43-BA,429.2,1.69,0.71,7.6,1.78,438.0,,449.7,105.33
1-BAS-43-BA,459.2,1.09,0.95,3.7,2.0,438.0,,339.45,183.49
1-BAS-43-BA,489.2,1.0,0.81,3.05,1.98,436.0,,305.0,198.0
1-BAS-43-BA,519.2,0.79,,,,,,,
1-BAS-43-BA,549.2,0.76,,,,,,,
1-BAS-43-BA,579.2,0.63,,,,,,,
1-BAS-43-BA,609.2,1.47,0.53,6.26,1.95,438.0,,425.85,132.65
1-BAS-43-BA,639.2,1.17,0.85,4.18,1.75,438.0,,357.26,149.57
1-BAS-43-BA,669.2,1.0,0.28,3.15,2.07,439.0,,315.0,207.0
1-BAS-43-BA,699.2,0.89,,,,,,,
1-BAS-43-BA,729.2,0.95,0.39,2.31,1.27,434.0,,243.16,133.68
1-BAS-43-BA,759.2,0.4,,,,,,,
1-BAS-43-BA,789.2,0.55,,,,,,,
1-BAS-43-BA,819.2,0.5,,,,,,,
1-BAS-43-BA,849.2,0.48,,,,,,,
1-BAS-43-BA,879.2,0.47,,,,,,,
1-BAS-43-BA,909.2,0.54,,,,,,,
