Poço,Profundidade,COT,S1,S2,S3,Tmax,Ro,IH,IO
1-BAS-59-BAS,1521.0,0.9,0.16,1.32,1.18,425.0,,146.67,131.11
1-BAS-59-BAS,1680.0,0.94,0.25,1.79,0.96,427.0,,190.43,102.13
1-BAS-59-BAS,1788.0,0.98,0.5,1.95,1.33,431.0,,198.98,135.71
1-BAS-59-BAS,1815.0,0.93,0.79,3.59,1.05,437.0,,386.02,112.9
1-BAS-59-BAS,1830.0,1.0,0.54,3.22,0.84,480.0,,322.0,84.0
1-BAS-59-BAS,1833.0,1.24,0.53,2.01,0.76,416.0,,162.1,61.29
1-BAS-59-BAS,1848.0,0.96,0.3,1.8,1.24,422.0,,187.5,129.17
1-BAS-59-BAS,1863.0,1.02,0.4,1.65,0.94,422.0,,161.76,92.16
1-BAS-59-BAS,1878.0,0.98,0.23,1.26,0.85,425.0,,128.57,86.73
1-BAS-59-BAS,1899.0,0.89,0.5,3.22,0.6,481.0,,361.8,67.42
1-BAS-59-BAS,1908.0,1.22,0.21,1.4,0.61,427.0,,114.75,50.0
1-BAS-59-BAS,1923.0,0.86,0.21,0.91,0.42,427.0,,105.81,48.84
1-BAS-59-BAS,1926.0,0.98,0.3,3.15,0.38,484.0,,321.43,38.78
1-BAS-59-BAS,1938.0,1.03,0.29,1.29,0.64,427.0,,125.24,62.14
1-BAS-59-BAS,1944.0,1.0,0.41,3.05,0.5,485.0,,305.0,50.0
1-BAS-59-BAS,1974.0,0.86,0.4,3.71,0.03,485.0,,431.4,3.49
1-BAS-59-BAS,1980.0,0.9,0.13,1.01,0.81,425.0,,112.22,90.0
1-BAS-59-BAS,1986.0,0.92,0.3,3.1,0.58,484.0,,336.96,63.04
1-BAS-59-BAS,1998.0,1.03,0.56,4.76,0.02,485.0,,462.14,1.94
1-BAS-59-BAS,2061.0,1.12,0.38,3.23,0.51,429.0,,288.39,45.54
1-BAS-59-BAS,2082.0,1.09,0.25,3.07,0.48,487.0,,281.65,44.04
1-BAS-59-BAS,2112.0,0.84,0.28,2.73,0.59,430.0,,325.0,70.24
1-BAS-59-BAS,2115.0,1.14,0.21,1.7,0.73,429.0,,149.12,64.04
1-BAS-59-BAS,2151.0,0.52,0.08,1.76,0.57,430.0,,338.46,109.62
1-BAS-59-BAS,2160.0,0.92,0.18,1.23,0.78,428.0,,133.7,84.78
1-BAS-59-BAS,2166.0,0.73,0.24,2.28,1.23,431.0,,312.33,168.49
1-BAS-59-BAS,2175.0,0.88,1.74,6.86,0.92,427.0,,779.55,104.55
1-BAS-59-BAS,2181.0,0.83,0.36,3.18,0.69,430.0,,383.13,83.13
1-BAS-59-BAS,2190.0,0.9,1.16,4.17,0.84,430.0,,463.33,93.33
1-BAS-59-BAS,2196.0,0.69,0.16,2.33,0.88,432.0,,337.68,127.54
1-BAS-59-BAS,2205.0,0.9,0.99,2.7,0.71,426.0,,300.0,78.89
1-BAS-59-BAS,2250.0,1.06,0.55,2.03,0.54,424.0,,191.51,50.94
1-BAS-59-BAS,2301.0,0.8,0.19,2.56,0.47,485.0,,320.0,58.75
1-BAS-59-BAS,2310.0,0.81,1.77,6.88,0.7,426.0,,849.38,86.42
1-BAS-59-BAS,2346.0,0.88,0.23,2.92,0.39,489.0,,331.82,44.32
1-BAS-59-BAS,2355.0,0.83,0.66,3.31,0.45,426.0,,398.8,54.22
1-BAS-59-BAS,2382.0,0.18,,,,,,,
1-BAS-59-BAS,2397.0,0.92,0.31,1.55,0.79,432.0,,168.48,85.87
1-BAS-59-BAS,2421.0,0.77,0.2,2.43,0.44,482.0,,315.58,57.14
1-BAS-59-BAS,2427.0,0.78,0.34,1.36,0.61,431.0,,174.36,78.21
1-BAS-59-BAS,2436.0,1.04,0.28,3.2,0.38,428.0,,307.69,36.54
1-BAS-59-BAS,2454.0,0.86,0.29,2.68,0.5,485.0,,311.63,58.14
1-BAS-59-BAS,2457.0,1.03,0.46,1.93,0.67,431.0,,187.38,65.05
1-BAS-59-BAS,2469.0,0.94,0.31,3.02,0.38,488.0,,321.28,40.43
1-BAS-59-BAS,2472.0,0.88,0.37,1.58,0.65,429.0,,179.55,73.86
1-BAS-59-BAS,2496.0,0.82,0.23,2.84,0.44,488.0,,346.34,53.66
1-BAS-59-BAS,2520.0,0.63,0.14,1.57,0.55,479.0,,249.21,87.3
1-BAS-59-BAS,2580.0,0.66,0.1,1.89,0.53,429.0,,286.36,80.3
1-BAS-59-BAS,2598.0,0.59,0.19,2.41,0.02,475.0,,408.47,3.39
1-BAS-59-BAS,2607.0,0.75,0.32,1.29,0.58,429.0,,172.0,77.33
1-BAS-59-BAS,2622.0,0.58,0.25,0.9,0.66,426.0,,155.17,113.79
1-BAS-59-BAS,2637.0,0.58,0.24,0.67,0.49,429.0,,115.52,84.48
1-BAS-59-BAS,2652.0,0.61,0.37,1.07,0.57,428.0,,175.41,93.44
1-BAS-59-BAS,2667.0,0.57,0.29,0.95,0.42,428.0,,166.67,73.68
1-BAS-59-BAS,2682.0,0.66,0.23,0.95,0.48,428.0,,143.94,72.73
1-BAS-59-BAS,2697.0,0.56,0.38,0.75,0.55,429.0,,133.93,98.21
1-BAS-59-BAS,2712.0,0.53,0.38,0.85,0.43,429.0,,160.38,81.13
1-BAS-59-BAS,2727.0,0.69,0.42,1.18,0.46,429.0,,171.01,66.67
1-BAS-59-BAS,2742.0,0.79,0.44,1.46,0.46,423.0,,184.81,58.23
1-BAS-59-BAS,2814.0,0.53,0.41,0.84,0.48,425.0,,158.49,90.57
1-BAS-59-BAS,2829.0,0.58,0.33,0.83,0.34,426.0,,143.1,58.62
1-BAS-59-BAS,2850.0,0.55,0.15,1.8,0.45,480.0,,327.27,81.82
1-BAS-59-BAS,2859.0,0.56,0.39,0.96,0.53,430.0,,171.43,94.64
1-BAS-59-BAS,2865.0,0.61,0.1,1.74,0.49,485.0,,285.25,80.33
1-BAS-59-BAS,2874.0,0.69,0.4,1.08,0.39,434.0,,156.52,56.52
1-BAS-59-BAS,2886.0,0.72,0.14,2.18,0.55,435.0,,302.78,76.39
1-BAS-59-BAS,2889.0,0.72,0.44,2.31,0.04,427.0,,320.83,5.56
1-BAS-59-BAS,2898.0,0.55,0.13,1.79,0.51,433.0,,325.45,92.73
1-BAS-59-BAS,2904.0,0.08,,,,,,,
1-BAS-59-BAS,2919.0,0.62,0.31,1.58,0.05,429.0,,254.84,8.06
1-BAS-59-BAS,2881.0,0.63,0.54,1.18,0.14,430.0,,187.3,22.22
