Poço,Profundidade,COT,S1,S2,S3,Tmax,Ro,IH,IO
1-BAS-34-BA,1264.0,2.5,1.4,15.54,0.43,441.0,,621.6,17.2
1-BAS-34-BA,94.0,0.42,,,,,,,
1-BAS-34-BA,124.0,0.45,,,,,,,
1-BAS-34-BA,154.0,0.44,,,,,,,
1-BAS-34-BA,184.0,0.44,,,,,,,
1-BAS-34-BA,214.0,0.37,,,,,,,
1-BAS-34-BA,244.0,0.44,,,,,,,
1-BAS-34-BA,274.0,1.61,0.3,6.42,0.37,434.0,,398.76,22.98
1-BAS-34-BA,304.0,0.99,0.1,2.31,0.33,435.0,,233.33,33.33
1-BAS-34-BA,334.0,1.59,0.08,5.02,0.41,433.0,,315.72,25.79
1-BAS-34-BA,364.0,0.88,0.07,1.8,0.37,436.0,,204.55,42.05
1-BAS-34-BA,394.0,0.73,0.13,1.54,0.27,436.0,,210.96,36.99
1-BAS-34-BA,424.0,0.62,,,,,,,
1-BAS-34-BA,454.0,0.67,,,,,,,
1-BAS-34-BA,484.0,0.81,0.12,1.57,0.29,436.0,,193.83,35.8
1-BAS-34-BA,514.0,1.13,0.19,3.73,0.74,439.0,,330.09,65.49
1-BAS-34-BA,544.0,1.5,0.12,6.44,0.51,436.0,,429.33,34.0
1-BAS-34-BA,574.0,1.64,0.08,9.67,0.44,441.0,,589.63,26.83
1-BAS-34-BA,604.0,2.5,0.06,16.2,0.53,441.0,,648.0,21.2
1-BAS-34-BA,634.0,1.16,0.08,4.38,0.76,441.0,,377.59,65.52
1-BAS-34-BA,664.0,0.65,,,,,,,
1-BAS-34-BA,694.0,0.65,,,,,,,
1-BAS-34-BA,724.0,1.49,0.05,4.83,0.46,436.0,,324.16,30.87
1-BAS-34-BA,754.0,2.0,0.04,9.65,0.84,441.0,,482.5,42.0
1-BAS-34-BA,784.0,2.84,0.07,17.32,0.85,440.0,,609.86,29.93
1-BAS-34-BA,814.0,2.44,0.01,12.9,0.59,439.0,,528.69,24.18
1-BAS-34-BA,844.0,3.24,0.06,22.96,0.61,441.0,,708.64,18.83
1-BAS-34-BA,874.0,1.5,0.05,5.88,0.7,441.0,,392.0,46.67
1-BAS-34-BA,904.0,1.71,0.06,7.36,0.81,441.0,,430.41,47.37
1-BAS-34-BA,934.0,1.02,0.12,2.69,0.66,439.0,,263.73,64.71
1-BAS-34-BA,964.0,0.72,0.04,1.35,0.58,436.0,,187.5,80.56
1-BAS-34-BA,994.0,0.5,,,,,,,
1-BAS-34-BA,1024.0,0.51,,,,,,,
1-BAS-34-BA,1054.0,0.61,0.05,1.23,0.46,438.0,,201.64,75.41
1-BAS-34-BA,1084.0,0.9,0.21,2.01,0.97,440.0,,223.33,107.78
1-BAS-34-BA,1114.0,0.61,,,,,,,
1-BAS-34-BA,1144.0,0.66,0.06,1.14,0.84,439.0,,172.73,127.27
1-BAS-34-BA,1174.0,0.52,,,,,,,
1-BAS-34-BA,1204.0,0.54,,,,,,,
1-BAS-34-BA,1234.0,0.5,,,,,,,
1-BAS-34-BA,1264.0,0.65,0.08,1.03,0.61,436.0,,158.46,93.85
1-BAS-34-BA,1294.0,2.03,0.06,7.77,0.48,441.0,,382.76,23.65
1-BAS-34-BA,1324.0,1.15,0.12,3.28,0.48,439.0,,285.22,41.74
1-BAS-34-BA,1354.0,0.82,0.17,1.66,0.33,436.0,,202.44,40.24
1-BAS-34-BA,1384.0,0.79,0.1,1.5,0.84,437.0,,189.87,106.33
1-BAS-34-BA,1414.0,0.89,0.31,1.8,0.75,439.0,,202.25,84.27
1-BAS-34-BA,1444.0,0.74,0.16,1.3,0.94,436.0,,175.68,127.03
1-BAS-34-BA,1474.0,0.4,,,,,,,
1-BAS-34-BA,1504.0,0.5,,,,,,,
1-BAS-34-BA,1534.0,0.39,,,,,,,
1-BAS-34-BA,1564.0,0.45,0.17,0.49,0.61,438.0,,108.89,135.56
1-BAS-34-BA,1594.0,0.51,0.17,0.56,0.44,436.0,,109.8,86.27
1-BAS-34-BA,1624.0,0.58,0.11,0.69,0.58,436.0,,118.97,100.0
1-BAS-34-BA,1630.0,0.55,,,,,,,
