Poço,Profundidade,COT,S1,S2,S3,Tmax,Ro,IH,IO
1-BAS-85-BAS,2901.0,1.16,3.51,3.08,0.63,435.0,,265.52,54.31
1-BAS-85-BAS,2022.0,0.72,0.07,0.88,1.66,427.0,,122.22,230.56
1-BAS-85-BAS,2028.0,0.71,0.06,0.72,1.89,424.0,,101.41,266.2
1-BAS-85-BAS,2466.0,0.34,,,,,,,
1-BAS-85-BAS,2484.0,0.62,,,,,,,
1-BAS-85-BAS,2502.0,0.81,7.19,2.42,0.68,450.0,,298.77,83.95
1-BAS-85-BAS,2520.0,0.61,,,,,,,
1-BAS-85-BAS,2538.0,0.42,,,,,,,
1-BAS-85-BAS,2556.0,0.92,0.92,2.24,0.72,448.0,,243.48,78.26
1-BAS-85-BAS,2574.0,0.48,,,,,,,
1-BAS-85-BAS,2592.0,0.67,2.58,2.75,0.69,444.0,,410.45,102.99
1-BAS-85-BAS,2610.0,1.73,8.58,3.08,0.64,447.0,,178.03,36.99
1-BAS-85-BAS,2628.0,0.62,,,,,,,
1-BAS-85-BAS,2646.0,1.51,15.64,3.65,0.71,447.0,,241.72,47.02
1-BAS-85-BAS,2664.0,1.12,8.16,3.02,0.95,443.0,,269.64,84.82
1-BAS-85-BAS,2682.0,1.55,19.86,3.01,0.59,448.0,,194.19,38.06
1-BAS-85-BAS,2700.0,1.6,16.38,2.59,0.78,442.0,,161.88,48.75
1-BAS-85-BAS,2718.0,1.57,15.73,3.43,0.65,450.0,,218.47,41.4
1-BAS-85-BAS,2736.0,1.18,14.14,2.92,0.59,446.0,,247.46,50.0
1-BAS-85-BAS,2754.0,1.3,11.52,2.99,0.76,445.0,,230.0,58.46
1-BAS-85-BAS,2772.0,0.65,,,,,,,
1-BAS-85-BAS,2790.0,0.79,13.59,3.2,0.66,447.0,,405.06,83.54
1-BAS-85-BAS,2808.0,1.25,7.93,2.17,0.44,447.0,,173.6,35.2
1-BAS-85-BAS,2826.0,0.72,23.21,3.15,0.95,445.0,,437.5,131.94
1-BAS-85-BAS,2844.0,1.99,5.66,2.38,0.66,449.0,,119.6,33.17
1-BAS-85-BAS,2862.0,0.75,7.34,2.71,0.69,446.0,,361.33,92.0
1-BAS-85-BAS,2880.0,0.91,13.26,3.25,0.99,446.0,,357.14,108.79
1-BAS-85-BAS,2898.0,1.5,4.97,2.56,0.69,443.0,,170.67,46.0
1-BAS-85-BAS,2916.0,1.24,12.77,3.17,0.59,444.0,,255.65,47.58
1-BAS-85-BAS,2934.0,0.96,7.34,3.01,0.64,443.0,,313.54,66.67
1-BAS-85-BAS,2952.0,1.54,11.78,3.33,0.86,438.0,,216.23,55.84
1-BAS-85-BAS,2970.0,0.9,6.73,2.49,0.71,440.0,,276.67,78.89
1-BAS-85-BAS,2988.0,1.36,10.29,3.44,0.99,440.0,,252.94,72.79
1-BAS-85-BAS,3006.0,0.68,3.73,2.32,0.67,440.0,,341.18,98.53
1-BAS-85-BAS,3024.0,0.55,,,,,,,
1-BAS-85-BAS,3042.0,0.69,4.85,2.4,0.55,442.0,,347.83,79.71
1-BAS-85-BAS,3060.0,0.94,8.64,3.03,0.64,445.0,,322.34,68.09
1-BAS-85-BAS,3078.0,0.56,,,,,,,
1-BAS-85-BAS,3096.0,0.77,5.77,2.57,0.65,441.0,,333.77,84.42
1-BAS-85-BAS,3114.0,0.55,,,,,,,
1-BAS-85-BAS,3132.0,0.62,,,,,,,
1-BAS-85-BAS,3150.0,0.25,,,,,,,
1-BAS-85-BAS,3168.0,0.59,10.76,2.12,0.83,441.0,,359.32,140.68
1-BAS-85-BAS,3186.0,0.55,8.02,3.77,1.03,445.0,,685.45,187.27
1-BAS-85-BAS,3204.0,0.55,11.51,4.09,1.04,444.0,,743.64,189.09
1-BAS-85-BAS,3222.0,0.74,8.1,2.05,0.52,444.0,,277.03,70.27
