Poço,Profundidade,COT,S1,S2,S3,Tmax,Ro,IH,IO
1-CES-108-CE,732.0,0.24,,,,,,,
1-CES-108-CE,750.0,0.22,,,,,,,
1-CES-108-CE,768.0,0.58,,,,,,,
1-CES-108-CE,786.0,0.42,,,,,,,
1-CES-108-CE,804.0,0.57,,,,,,,
1-CES-108-CE,822.0,0.64,,,,,,,
1-CES-108-CE,840.0,0.69,0.02,0.29,3.53,418.0,,42.03,511.59
1-CES-108-CE,894.0,0.48,,,,,,,
1-CES-108-CE,912.0,0.5,,,,,,,
1-CES-108-CE,930.0,0.5,,,,,,,
1-CES-108-CE,948.0,0.6,,,,,,,
1-CES-108-CE,966.0,0.61,0.03,0.61,3.35,423.0,,100.0,549.18
1-CES-108-CE,984.0,0.6,,,,,,,
1-CES-108-CE,1002.0,0.58,,,,,,,
1-CES-108-CE,1020.0,0.59,,,,,,,
1-CES-108-CE,1038.0,0.68,,,,,,,
1-CES-108-CE,1056.0,0.72,,,,,,,
1-CES-108-CE,1074.0,0.76,0.04,1.14,1.33,430.0,,150.0,175.0
1-CES-108-CE,1092.0,0.67,,,,,,,
1-CES-108-CE,1110.0,0.72,,,,,,,
1-CES-108-CE,1128.0,0.64,,,,,,,
1-CES-108-CE,1146.0,0.7,,,,,,,
1-CES-108-CE,1164.0,0.72,0.05,1.08,2.96,430.0,,150.0,411.11
1-CES-108-CE,1182.0,0.66,,,,,,,
1-CES-108-CE,1200.0,0.82,0.04,2.09,2.39,432.0,,254.88,291.46
1-CES-108-CE,1218.0,1.0,0.03,2.31,2.77,426.0,,231.0,277.0
1-CES-108-CE,1236.0,1.84,0.07,7.97,2.68,425.0,,433.15,145.65
1-CES-108-CE,1254.0,2.24,0.21,9.0,2.96,422.0,,401.79,132.14
1-CES-108-CE,1272.0,1.76,0.06,7.59,1.52,422.0,,431.25,86.36
1-CES-108-CE,1290.0,1.25,0.07,4.19,0.89,423.0,,335.2,71.2
1-CES-108-CE,1308.0,1.1,0.09,3.39,1.47,423.0,,308.18,133.64
1-CES-108-CE,1326.0,0.94,0.06,2.01,1.31,427.0,,213.83,139.36
1-CES-108-CE,1344.0,1.0,0.08,2.09,2.29,431.0,,209.0,229.0
1-CES-108-CE,1362.0,0.92,0.06,1.59,1.36,425.0,,172.83,147.83
1-CES-108-CE,1380.0,0.82,0.05,1.31,1.23,432.0,,159.76,150.0
1-CES-108-CE,1470.0,0.17,,,,,,,
1-CES-108-CE,1758.0,0.96,,,,,,,
1-CES-108-CE,1794.0,3.52,0.28,15.32,1.8,433.0,,435.23,51.14
1-CES-108-CE,1812.0,2.72,0.07,15.68,1.15,433.0,,576.47,42.28
1-CES-108-CE,2136.0,1.04,,,,,,,
