Poço,Profundidade,COT,S1,S2,S3,Tmax,Ro,IH,IO
1-CES-114A-CE,1018.0,0.06,,,,,,,
1-CES-114A-CE,1036.0,0.09,,,,,,,
1-CES-114A-CE,1054.0,0.1,,,,,,,
1-CES-114A-CE,1234.0,0.96,0.08,0.97,1.92,424.0,,101.04,200.0
1-CES-114A-CE,1252.0,1.29,0.17,1.37,2.34,429.0,,106.2,181.4
1-CES-114A-CE,1270.0,1.61,0.15,1.6,2.42,431.0,,99.38,150.31
1-CES-114A-CE,1288.0,1.5,0.14,1.54,2.33,432.0,,102.67,155.33
1-CES-114A-CE,1306.0,1.49,,,,,,,
1-CES-114A-CE,1324.0,1.77,0.32,2.65,3.0,432.0,,149.72,169.49
1-CES-114A-CE,1342.0,1.81,0.22,2.53,2.78,434.0,,139.78,153.59
1-CES-114A-CE,1360.0,1.54,0.22,2.23,1.82,434.0,,144.81,118.18
1-CES-114A-CE,1378.0,1.71,0.23,2.53,2.36,433.0,,147.95,138.01
1-CES-114A-CE,1396.0,1.59,0.23,2.43,2.65,433.0,,152.83,166.67
1-CES-114A-CE,1414.0,1.56,0.21,2.22,2.47,431.0,,142.31,158.33
1-CES-114A-CE,1432.0,1.74,0.21,2.38,2.28,433.0,,136.78,131.03
1-CES-114A-CE,1450.0,1.72,0.27,2.72,2.73,433.0,,158.14,158.72
1-CES-114A-CE,1468.0,1.73,0.25,2.46,2.45,433.0,,142.2,141.62
1-CES-114A-CE,1486.0,1.51,0.24,2.2,2.55,433.0,,145.7,168.87
1-CES-114A-CE,1504.0,1.69,0.23,2.46,2.46,434.0,,145.56,145.56
1-CES-114A-CE,1522.0,1.62,0.24,2.43,2.36,434.0,,150.0,145.68
1-CES-114A-CE,1540.0,1.52,0.16,1.91,2.46,434.0,,125.66,161.84
1-CES-114A-CE,1558.0,1.14,0.12,1.24,2.12,431.0,,108.77,185.96
1-CES-114A-CE,1576.0,0.61,,,,,,,
1-CES-114A-CE,1594.0,0.41,,,,,,,
1-CES-114A-CE,1702.0,0.3,,,,,,,
1-CES-114A-CE,1774.0,0.44,,,,,,,
1-CES-114A-CE,1810.0,1.16,0.09,2.05,1.85,445.0,,176.72,159.48
1-CES-114A-CE,1828.0,0.8,,,,,,,
1-CES-114A-CE,1864.0,1.37,0.15,2.51,1.33,437.0,,183.21,97.08
1-CES-114A-CE,1882.0,1.73,0.15,4.12,1.57,435.0,,238.15,90.75
1-CES-114A-CE,1900.0,0.9,,,,,,,
1-CES-114A-CE,1918.0,0.76,,,,,,,
1-CES-114A-CE,1936.0,1.46,0.13,3.55,1.33,433.0,,243.15,91.1
1-CES-114A-CE,1954.0,2.84,0.24,8.2,1.48,432.0,,288.73,52.11
1-CES-114A-CE,1972.0,2.52,0.21,6.75,1.35,432.0,,267.86,53.57
1-CES-114A-CE,1990.0,2.51,0.31,6.01,0.95,429.0,,239.44,37.85
1-CES-114A-CE,2116.0,2.18,0.28,4.73,0.86,433.0,,216.97,39.45
1-CES-114A-CE,2152.0,1.33,0.14,2.76,1.41,439.0,,207.52,106.02
1-CES-114A-CE,2224.0,4.28,0.34,21.32,1.58,438.0,,498.13,36.92
1-CES-114A-CE,2242.0,3.78,0.41,20.27,1.53,441.0,,536.24,40.48
1-CES-114A-CE,2746.0,0.57,,,,,,,
1-CES-114A-CE,2800.0,0.48,,,,,,,
1-CES-114A-CE,2818.0,0.58,,,,,,,
1-CES-114A-CE,2836.0,0.43,,,,,,,
1-CES-114A-CE,2854.0,0.52,,,,,,,
1-CES-114A-CE,2890.0,0.51,,,,,,,
1-CES-114A-CE,2908.0,0.6,,,,,,,
1-CES-114A-CE,2926.0,0.66,,,,,,,
1-CES-114A-CE,2944.0,0.6,,,,,,,
1-CES-114A-CE,2962.0,0.59,,,,,,,
