Poço,Profundidade,COT,S1,S2,S3,Tmax,Ro,IH,IO
1-CES-120-CE,1051.0,0.66,,,,,,,
1-CES-120-CE,1069.0,1.04,1.49,1.28,3.06,407.0,,123.08,294.23
1-CES-120-CE,1105.0,1.32,2.41,2.02,3.43,417.0,,153.03,259.85
1-CES-120-CE,1114.0,1.1,0.52,1.52,2.71,423.0,,138.18,246.36
1-CES-120-CE,1123.0,1.2,1.13,1.69,3.15,418.0,,140.83,262.5
1-CES-120-CE,1141.0,0.84,,,,,,,
1-CES-120-CE,1150.0,1.05,0.39,1.24,2.61,420.0,,118.1,248.57
1-CES-120-CE,1159.0,0.99,0.43,1.3,2.55,420.0,,131.31,257.58
1-CES-120-CE,1168.0,0.85,,,,,,,
1-CES-120-CE,1177.0,0.82,,,,,,,
1-CES-120-CE,1186.0,0.9,,,,,,,
1-CES-120-CE,1195.0,0.85,,,,,,,
1-CES-120-CE,1204.0,0.94,0.27,1.23,2.4,423.0,,130.85,255.32
1-CES-120-CE,1213.0,0.96,0.1,0.83,1.99,422.0,,86.46,207.29
1-CES-120-CE,1222.0,0.96,0.15,1.08,2.11,423.0,,112.5,219.79
1-CES-120-CE,1231.0,1.06,0.18,1.17,2.39,421.0,,110.38,225.47
1-CES-120-CE,1240.0,1.05,0.27,1.32,2.58,423.0,,125.71,245.71
1-CES-120-CE,1249.0,1.11,0.23,1.17,2.47,421.0,,105.41,222.52
1-CES-120-CE,1258.0,0.87,,,,,,,
1-CES-120-CE,1267.0,1.21,0.26,1.4,2.69,423.0,,115.7,222.31
1-CES-120-CE,1276.0,1.11,0.21,1.14,2.63,425.0,,102.7,236.94
1-CES-120-CE,1285.0,0.98,0.14,0.87,2.15,433.0,,88.78,219.39
1-CES-120-CE,1294.0,1.04,0.16,1.07,2.41,424.0,,102.88,231.73
1-CES-120-CE,1303.0,1.01,0.19,1.13,2.41,423.0,,111.88,238.61
1-CES-120-CE,1312.0,1.06,0.22,1.25,2.54,421.0,,117.92,239.62
1-CES-120-CE,1321.0,0.86,,,,,,,
1-CES-120-CE,1330.0,0.95,0.2,1.11,2.49,423.0,,116.84,262.11
1-CES-120-CE,1339.0,0.99,0.13,0.94,2.41,419.0,,94.95,243.43
1-CES-120-CE,1348.0,1.1,0.2,1.26,2.4,421.0,,114.55,218.18
1-CES-120-CE,1357.0,0.98,0.12,0.97,2.34,422.0,,98.98,238.78
1-CES-120-CE,1366.0,1.09,0.18,1.27,2.52,423.0,,116.51,231.19
1-CES-120-CE,1375.0,1.16,0.12,1.17,2.24,435.0,,100.86,193.1
1-CES-120-CE,1384.0,1.31,0.17,1.36,2.22,434.0,,103.82,169.47
1-CES-120-CE,1393.0,1.33,0.12,1.24,2.24,436.0,,93.23,168.42
1-CES-120-CE,1402.0,1.37,0.13,1.27,2.16,436.0,,92.7,157.66
1-CES-120-CE,1411.0,1.33,0.21,1.68,2.38,423.0,,126.32,178.95
1-CES-120-CE,1420.0,1.33,0.15,1.51,2.45,425.0,,113.53,184.21
1-CES-120-CE,1429.0,1.25,0.17,1.55,2.36,424.0,,124.0,188.8
1-CES-120-CE,1438.0,1.27,0.17,1.47,2.32,424.0,,115.75,182.68
1-CES-120-CE,1447.0,1.21,0.28,1.71,2.39,417.0,,141.32,197.52
1-CES-120-CE,1456.0,1.05,0.13,1.04,2.11,425.0,,99.05,200.95
1-CES-120-CE,1465.0,1.01,0.13,1.08,2.26,423.0,,106.93,223.76
1-CES-120-CE,1474.0,0.94,0.14,0.91,2.21,422.0,,96.81,235.11
1-CES-120-CE,1480.0,0.89,,,,,,,
1-CES-120-CE,1486.0,0.91,,,,,,,
1-CES-120-CE,1492.0,0.87,,,,,,,
1-CES-120-CE,1498.0,0.87,,,,,,,
1-CES-120-CE,1504.0,0.84,,,,,,,
1-CES-120-CE,1510.0,0.88,,,,,,,
1-CES-120-CE,1516.0,0.74,,,,,,,
1-CES-120-CE,1522.0,0.67,,,,,,,
1-CES-120-CE,1528.0,0.71,,,,,,,
1-CES-120-CE,1534.0,0.68,,,,,,,
1-CES-120-CE,1540.0,0.65,,,,,,,
1-CES-120-CE,1546.0,0.74,,,,,,,
1-CES-120-CE,1552.0,0.66,,,,,,,
1-CES-120-CE,1558.0,0.78,,,,,,,
1-CES-120-CE,1564.0,0.67,,,,,,,
1-CES-120-CE,1570.0,0.64,,,,,,,
1-CES-120-CE,1576.0,0.63,,,,,,,
1-CES-120-CE,1582.0,0.64,,,,,,,
1-CES-120-CE,1588.0,0.59,,,,,,,
1-CES-120-CE,1594.0,0.52,,,,,,,
1-CES-120-CE,1600.0,0.66,,,,,,,
1-CES-120-CE,1606.0,0.54,,,,,,,
1-CES-120-CE,1612.0,0.56,,,,,,,
1-CES-120-CE,1618.0,0.54,,,,,,,
1-CES-120-CE,1624.0,0.51,,,,,,,
1-CES-120-CE,1630.0,0.49,,,,,,,
1-CES-120-CE,1636.0,0.5,,,,,,,
1-CES-120-CE,1642.0,0.55,,,,,,,
1-CES-120-CE,1648.0,0.58,,,,,,,
1-CES-120-CE,1654.0,0.52,,,,,,,
1-CES-120-CE,1660.0,0.53,,,,,,,
1-CES-120-CE,1666.0,0.53,,,,,,,
1-CES-120-CE,1672.0,0.56,,,,,,,
1-CES-120-CE,1678.0,0.64,,,,,,,
1-CES-120-CE,1684.0,0.61,,,,,,,
1-CES-120-CE,1690.0,0.67,,,,,,,
1-CES-120-CE,1696.0,0.6,,,,,,,
1-CES-120-CE,1702.0,0.62,,,,,,,
1-CES-120-CE,1708.0,0.5,,,,,,,
1-CES-120-CE,1714.0,0.52,,,,,,,
1-CES-120-CE,1720.0,0.53,,,,,,,
1-CES-120-CE,1726.0,0.52,,,,,,,
1-CES-120-CE,1732.0,0.55,,,,,,,
1-CES-120-CE,1738.0,0.44,,,,,,,
1-CES-120-CE,1744.0,0.55,,,,,,,
1-CES-120-CE,1750.0,0.48,,,,,,,
1-CES-120-CE,1756.0,0.5,,,,,,,
1-CES-120-CE,1762.0,0.52,,,,,,,
1-CES-120-CE,1768.0,0.51,,,,,,,
1-CES-120-CE,1774.0,0.59,,,,,,,
1-CES-120-CE,1780.0,0.55,,,,,,,
1-CES-120-CE,1786.0,0.58,,,,,,,
1-CES-120-CE,1792.0,0.57,,,,,,,
1-CES-120-CE,1798.0,0.53,,,,,,,
1-CES-120-CE,1804.0,0.58,,,,,,,
1-CES-120-CE,1810.0,0.55,,,,,,,
1-CES-120-CE,1816.0,0.76,,,,,,,
1-CES-120-CE,1822.0,0.6,,,,,,,
1-CES-120-CE,1828.0,0.59,,,,,,,
1-CES-120-CE,1834.0,0.67,,,,,,,
1-CES-120-CE,1840.0,0.62,,,,,,,
1-CES-120-CE,1846.0,0.62,,,,,,,
1-CES-120-CE,1852.0,0.61,,,,,,,
1-CES-120-CE,1858.0,0.64,,,,,,,
1-CES-120-CE,1864.0,0.65,,,,,,,
1-CES-120-CE,1870.0,0.6,,,,,,,
1-CES-120-CE,1876.0,0.67,,,,,,,
1-CES-120-CE,1882.0,0.58,,,,,,,
1-CES-120-CE,1888.0,0.54,,,,,,,
1-CES-120-CE,1894.0,0.58,,,,,,,
1-CES-120-CE,1900.0,0.6,,,,,,,
1-CES-120-CE,1906.0,0.61,,,,,,,
1-CES-120-CE,1912.0,0.64,,,,,,,
1-CES-120-CE,1918.0,0.62,,,,,,,
1-CES-120-CE,1924.0,0.69,,,,,,,
1-CES-120-CE,1930.0,0.62,,,,,,,
1-CES-120-CE,1936.0,0.64,,,,,,,
1-CES-120-CE,1942.0,0.65,,,,,,,
1-CES-120-CE,1948.0,0.65,,,,,,,
1-CES-120-CE,1954.0,0.64,,,,,,,
1-CES-120-CE,1960.0,0.64,,,,,,,
1-CES-120-CE,1966.0,0.69,,,,,,,
1-CES-120-CE,1972.0,0.7,,,,,,,
1-CES-120-CE,1978.0,0.7,,,,,,,
1-CES-120-CE,1984.0,0.76,,,,,,,
1-CES-120-CE,1990.0,0.76,,,,,,,
1-CES-120-CE,1996.0,0.72,,,,,,,
1-CES-120-CE,2002.0,0.91,0.22,1.84,2.05,440.0,,202.2,225.27
1-CES-120-CE,2008.0,1.05,0.59,2.93,2.53,433.0,,279.05,240.95
1-CES-120-CE,2014.0,1.09,0.42,2.96,2.19,440.0,,271.56,200.92
1-CES-120-CE,2020.0,0.45,,,,,,,
1-CES-120-CE,2026.0,0.92,,,,,,,
1-CES-120-CE,2032.0,0.78,,,,,,,
1-CES-120-CE,2038.0,0.6,,,,,,,
1-CES-120-CE,2044.0,0.61,,,,,,,
1-CES-120-CE,2050.0,0.62,,,,,,,
1-CES-120-CE,2056.0,0.5,,,,,,,
1-CES-120-CE,2062.0,0.52,,,,,,,
1-CES-120-CE,2068.0,0.51,,,,,,,
1-CES-120-CE,2074.0,0.56,,,,,,,
1-CES-120-CE,2080.0,0.46,,,,,,,
1-CES-120-CE,2086.0,0.43,,,,,,,
1-CES-120-CE,2092.0,0.44,,,,,,,
1-CES-120-CE,2098.0,0.4,,,,,,,
1-CES-120-CE,2104.0,0.34,,,,,,,
1-CES-120-CE,2110.0,0.34,,,,,,,
1-CES-120-CE,2116.0,0.4,,,,,,,
1-CES-120-CE,2122.0,0.42,,,,,,,
1-CES-120-CE,2128.0,0.4,,,,,,,
1-CES-120-CE,2134.0,0.38,,,,,,,
1-CES-120-CE,2140.0,0.34,,,,,,,
1-CES-120-CE,2146.0,0.34,,,,,,,
1-CES-120-CE,2152.0,0.32,,,,,,,
1-CES-120-CE,2158.0,0.38,,,,,,,
1-CES-120-CE,2164.0,0.48,,,,,,,
1-CES-120-CE,2170.0,0.26,,,,,,,
1-CES-120-CE,2176.0,0.25,,,,,,,
1-CES-120-CE,2182.0,0.23,,,,,,,
1-CES-120-CE,2188.0,0.26,,,,,,,
1-CES-120-CE,2194.0,0.52,,,,,,,
1-CES-120-CE,2200.0,0.4,,,,,,,
1-CES-120-CE,2206.0,0.39,,,,,,,
1-CES-120-CE,2212.0,0.4,,,,,,,
1-CES-120-CE,2218.0,0.48,,,,,,,
1-CES-120-CE,2224.0,0.5,,,,,,,
1-CES-120-CE,2230.0,0.4,,,,,,,
1-CES-120-CE,2236.0,0.5,,,,,,,
1-CES-120-CE,2242.0,0.52,,,,,,,
1-CES-120-CE,2248.0,0.44,,,,,,,
1-CES-120-CE,2254.0,0.44,,,,,,,
1-CES-120-CE,2260.0,0.46,,,,,,,
1-CES-120-CE,2266.0,0.51,,,,,,,
1-CES-120-CE,2272.0,0.46,,,,,,,
1-CES-120-CE,2278.0,0.51,,,,,,,
1-CES-120-CE,2284.0,0.48,,,,,,,
1-CES-120-CE,2290.0,0.44,,,,,,,
1-CES-120-CE,2296.0,0.6,,,,,,,
1-CES-120-CE,2302.0,0.63,,,,,,,
1-CES-120-CE,2308.0,0.42,,,,,,,
1-CES-120-CE,2314.0,0.43,,,,,,,
1-CES-120-CE,2320.0,0.48,,,,,,,
1-CES-120-CE,2326.0,0.53,,,,,,,
1-CES-120-CE,2332.0,0.43,,,,,,,
1-CES-120-CE,2338.0,0.49,,,,,,,
1-CES-120-CE,2344.0,0.52,,,,,,,
1-CES-120-CE,2350.0,0.54,,,,,,,
1-CES-120-CE,2356.0,0.59,,,,,,,
1-CES-120-CE,2362.0,0.6,,,,,,,
1-CES-120-CE,2368.0,0.49,,,,,,,
1-CES-120-CE,2374.0,0.45,,,,,,,
1-CES-120-CE,2380.0,0.5,,,,,,,
1-CES-120-CE,2386.0,0.47,,,,,,,
1-CES-120-CE,2392.0,0.5,,,,,,,
1-CES-120-CE,2398.0,0.44,,,,,,,
1-CES-120-CE,2404.0,0.46,,,,,,,
1-CES-120-CE,2410.0,0.42,,,,,,,
1-CES-120-CE,2416.0,0.4,,,,,,,
1-CES-120-CE,2422.0,0.39,,,,,,,
1-CES-120-CE,2428.0,0.45,,,,,,,
1-CES-120-CE,2434.0,0.51,,,,,,,
1-CES-120-CE,2440.0,0.52,,,,,,,
1-CES-120-CE,2446.0,1.36,0.39,5.31,1.56,440.0,,390.44,114.71
1-CES-120-CE,2452.0,1.93,0.66,8.03,1.62,437.0,,416.06,83.94
1-CES-120-CE,2458.0,2.19,0.74,9.31,1.66,440.0,,425.11,75.8
1-CES-120-CE,2464.0,1.26,0.52,1.91,1.23,443.0,,151.59,97.62
1-CES-120-CE,2470.0,1.48,0.49,5.02,1.77,441.0,,339.19,119.59
1-CES-120-CE,2476.0,0.42,,,,,,,
1-CES-120-CE,2482.0,1.1,0.25,2.53,1.7,443.0,,230.0,154.55
1-CES-120-CE,2512.0,0.47,,,,,,,
1-CES-120-CE,2518.0,0.37,,,,,,,
1-CES-120-CE,2530.0,0.95,0.48,1.29,1.01,443.0,,135.79,106.32
1-CES-120-CE,2536.0,1.23,0.55,2.43,0.95,445.0,,197.56,77.24
1-CES-120-CE,2590.0,0.59,,,,,,,
1-CES-120-CE,2596.0,0.42,,,,,,,
1-CES-120-CE,2638.0,0.34,,,,,,,
1-CES-120-CE,2650.0,0.34,,,,,,,
1-CES-120-CE,3304.0,0.58,,,,,,,
1-CES-120-CE,3382.0,0.33,,,,,,,
1-CES-120-CE,3448.0,1.16,0.33,3.92,1.9,438.0,,337.93,163.79
1-CES-120-CE,3544.0,0.37,,,,,,,
1-CES-120-CE,3646.0,0.26,,,,,,,
1-CES-120-CE,3658.0,0.37,,,,,,,
1-CES-120-CE,3682.0,0.44,,,,,,,
1-CES-120-CE,3748.0,0.45,,,,,,,
