Poço,Profundidade,COT,S1,S2,S3,Tmax,Ro,IH,IO
1-CES-117-CE,1047.0,0.74,,,,,,,
1-CES-117-CE,1065.0,0.98,0.11,0.85,2.4,420.0,,86.73,244.9
1-CES-117-CE,1083.0,0.79,,,,,,,
1-CES-117-CE,1101.0,0.84,,,,,,,
1-CES-117-CE,1119.0,0.83,,,,,,,
1-CES-117-CE,1137.0,0.88,,,,,,,
1-CES-117-CE,1155.0,1.02,0.27,1.53,2.56,417.0,,150.0,250.98
1-CES-117-CE,1173.0,0.77,,,,,,,
1-CES-117-CE,1191.0,0.84,,,,,,,
1-CES-117-CE,1209.0,0.85,,,,,,,
1-CES-117-CE,1227.0,0.97,0.29,1.9,2.49,419.0,,195.88,256.7
1-CES-117-CE,1245.0,1.27,0.25,1.86,2.58,424.0,,146.46,203.15
1-CES-117-CE,1263.0,1.35,0.24,1.89,2.74,423.0,,140.0,202.96
1-CES-117-CE,1281.0,1.32,0.2,1.72,2.49,424.0,,130.3,188.64
1-CES-117-CE,1299.0,1.42,0.17,1.56,2.58,423.0,,109.86,181.69
1-CES-117-CE,1317.0,1.47,0.28,1.85,2.93,422.0,,125.85,199.32
1-CES-117-CE,1335.0,1.2,0.24,1.58,2.94,420.0,,131.67,245.0
1-CES-117-CE,1353.0,1.36,0.16,1.45,2.57,424.0,,106.62,188.97
1-CES-117-CE,1371.0,1.24,0.17,1.6,2.28,426.0,,129.03,183.87
1-CES-117-CE,1389.0,1.24,0.17,1.55,2.33,425.0,,125.0,187.9
1-CES-117-CE,1407.0,1.0,0.15,0.96,2.25,423.0,,96.0,225.0
1-CES-117-CE,1425.0,0.81,,,,,,,
1-CES-117-CE,1443.0,0.63,,,,,,,
1-CES-117-CE,1464.0,0.67,,,,,,,
1-CES-117-CE,1476.0,0.56,,,,,,,
1-CES-117-CE,1494.0,0.66,,,,,,,
1-CES-117-CE,1512.0,0.62,,,,,,,
1-CES-117-CE,1530.0,0.6,,,,,,,
1-CES-117-CE,1548.0,0.58,,,,,,,
1-CES-117-CE,1566.0,0.58,,,,,,,
1-CES-117-CE,1584.0,0.63,,,,,,,
1-CES-117-CE,1602.0,0.67,,,,,,,
1-CES-117-CE,1620.0,0.8,,,,,,,
1-CES-117-CE,1638.0,0.8,,,,,,,
1-CES-117-CE,1656.0,0.82,,,,,,,
1-CES-117-CE,1692.0,0.83,,,,,,,
1-CES-117-CE,1710.0,0.95,,,,,,,
1-CES-117-CE,1728.0,0.91,,,,,,,
1-CES-117-CE,1746.0,0.67,,,,,,,
1-CES-117-CE,1764.0,0.45,,,,,,,
1-CES-117-CE,1800.0,0.54,,,,,,,
1-CES-117-CE,1818.0,0.59,,,,,,,
1-CES-117-CE,1836.0,0.48,,,,,,,
1-CES-117-CE,1890.0,0.57,,,,,,,
1-CES-117-CE,1908.0,0.46,,,,,,,
1-CES-117-CE,1926.0,0.54,,,,,,,
1-CES-117-CE,1944.0,1.21,0.21,4.79,1.77,434.0,,395.87,146.28
1-CES-117-CE,1962.0,2.64,0.35,11.61,1.92,426.0,,439.77,72.73
1-CES-117-CE,1980.0,4.67,0.95,35.13,1.73,425.0,,752.25,37.04
1-CES-117-CE,1998.0,3.33,0.36,27.4,1.52,429.0,,822.82,45.65
1-CES-117-CE,2016.0,3.07,0.48,21.82,1.78,427.0,,710.75,57.98
