Poço,Profundidade,COT,S1,S2,S3,Tmax,Ro,IH,IO
1-CES-121-CE,2411.0,0.43,,,,,,,
1-CES-121-CE,2461.0,0.36,,,,,,,
1-CES-121-CE,2891.0,2.72,0.43,11.47,1.18,424.0,,421.69,43.38
1-CES-121-CE,2947.0,3.79,4.38,34.0,1.23,424.0,,897.1,32.45
1-CES-121-CE,2955.0,0.66,,,,,,,
1-CES-121-CE,2978.0,1.47,0.38,4.21,1.76,431.0,,286.39,119.73
1-CES-121-CE,2984.0,2.79,0.35,15.39,1.95,433.0,,551.61,69.89
1-CES-121-CE,3026.0,0.39,,,,,,,
1-CES-121-CE,3101.0,0.77,,,,,,,
1-CES-121-CE,3111.0,2.18,0.24,10.11,0.31,434.0,,463.76,14.22
1-CES-121-CE,3131.0,18.0,5.09,164.41,3.03,433.0,,913.39,16.83
1-CES-121-CE,3132.0,9.53,2.04,87.49,2.27,434.0,,918.05,23.82
1-CES-121-CE,3145.0,2.27,0.21,11.18,0.71,434.0,,492.51,31.28
1-CES-121-CE,3186.0,1.91,0.33,11.52,1.01,439.0,,603.14,52.88
1-CES-121-CE,3331.0,2.95,1.11,13.52,0.85,440.0,,458.31,28.81
1-CES-121-CE,3370.0,1.75,0.41,7.03,0.75,436.0,,401.71,42.86
1-CES-121-CE,3403.0,0.6,,,,,,,
1-CES-121-CE,3462.0,1.7,0.29,4.12,0.42,433.0,,242.35,24.71
1-CES-121-CE,3463.0,2.38,0.53,4.38,0.37,436.0,,184.03,15.55
1-CES-121-CE,3628.0,1.69,0.68,3.12,0.89,436.0,,184.62,52.66
1-CES-121-CE,3650.0,0.93,,,,,,,
1-CES-121-CE,3674.0,1.12,0.21,1.0,0.63,441.0,,89.29,56.25
1-CES-121-CE,3697.0,0.66,,,,,,,
1-CES-121-CE,3753.0,1.21,0.13,1.12,0.53,445.0,,92.56,43.8
1-CES-121-CE,3777.0,1.59,0.26,1.66,0.59,442.0,,104.4,37.11
1-CES-121-CE,3778.0,1.67,0.52,1.9,1.07,437.0,,113.77,64.07
1-CES-121-CE,3804.0,0.69,,,,,,,
1-CES-121-CE,3870.0,2.03,0.4,2.09,0.99,442.0,,102.96,48.77
1-CES-121-CE,3906.0,0.79,,,,,,,
1-CES-121-CE,3935.0,1.68,0.53,1.94,0.68,441.0,,115.48,40.48
1-CES-121-CE,4018.5,0.52,,,,,,,
1-CES-121-CE,4111.0,0.32,,,,,,,
1-CES-121-CE,4120.0,2.26,0.71,2.59,0.02,448.0,,114.6,0.88
1-CES-121-CE,4133.0,1.01,0.24,0.72,0.38,448.0,,71.29,37.62
1-CES-121-CE,4135.5,0.37,,,,,,,
1-CES-121-CE,4167.5,1.41,0.37,1.54,0.19,448.0,,109.22,13.48
1-CES-121-CE,4189.5,2.13,0.5,2.01,0.2,452.0,,94.37,9.39
1-CES-121-CE,4240.5,0.85,,,,,,,
1-CES-121-CE,4261.5,1.17,0.27,1.21,0.58,442.0,,103.42,49.57
1-CES-121-CE,4311.0,1.22,0.34,1.11,0.54,445.0,,90.98,44.26
1-CES-121-CE,4368.5,0.43,,,,,,,
1-CES-121-CE,4391.5,1.54,0.36,1.51,0.56,453.0,,98.05,36.36
1-CES-121-CE,4454.5,1.06,0.2,0.81,0.36,455.0,,76.42,33.96
1-CES-121-CE,1438.0,0.79,,,,,,,
1-CES-121-CE,1456.0,0.67,,,,,,,
1-CES-121-CE,1474.0,0.61,,,,,,,
1-CES-121-CE,1492.0,0.7,,,,,,,
1-CES-121-CE,1510.0,0.7,,,,,,,
1-CES-121-CE,1528.0,0.57,,,,,,,
1-CES-121-CE,1582.0,0.69,,,,,,,
1-CES-121-CE,1600.0,0.62,,,,,,,
1-CES-121-CE,1636.0,0.87,,,,,,,
1-CES-121-CE,1654.0,0.95,,,,,,,
1-CES-121-CE,1672.0,0.85,,,,,,,
1-CES-121-CE,1690.0,1.01,0.2,0.8,2.28,420.0,,79.21,225.74
1-CES-121-CE,1708.0,1.07,0.22,0.89,2.34,416.0,,83.18,218.69
1-CES-121-CE,1726.0,0.99,0.17,0.73,2.47,416.0,,73.74,249.49
1-CES-121-CE,1744.0,1.0,0.22,0.7,2.22,413.0,,70.0,222.0
1-CES-121-CE,1762.0,1.05,0.22,0.89,2.3,417.0,,84.76,219.05
1-CES-121-CE,1786.0,1.08,0.2,0.84,2.3,419.0,,77.78,212.96
1-CES-121-CE,1804.0,1.05,0.2,0.79,2.54,417.0,,75.24,241.9
1-CES-121-CE,1822.0,1.07,0.22,0.86,2.61,417.0,,80.37,243.93
1-CES-121-CE,1840.0,1.09,0.15,0.72,2.34,414.0,,66.06,214.68
1-CES-121-CE,1858.0,1.12,0.17,0.62,2.57,413.0,,55.36,229.46
1-CES-121-CE,1876.0,1.09,0.2,0.6,2.41,414.0,,55.05,221.1
1-CES-121-CE,1894.0,1.03,0.11,0.58,2.28,414.0,,56.31,221.36
1-CES-121-CE,1912.0,1.09,0.46,1.79,2.21,418.0,,164.22,202.75
1-CES-121-CE,1930.0,1.01,0.42,1.42,2.24,422.0,,140.59,221.78
1-CES-121-CE,1948.0,1.1,0.33,1.44,2.35,422.0,,130.91,213.64
1-CES-121-CE,1966.0,0.95,,,,,,,
1-CES-121-CE,1984.0,0.83,,,,,,,
1-CES-121-CE,2020.0,0.71,,,,,,,
1-CES-121-CE,2038.0,0.91,,,,,,,
1-CES-121-CE,2056.0,0.75,,,,,,,
1-CES-121-CE,2074.0,0.84,,,,,,,
1-CES-121-CE,2092.0,0.75,,,,,,,
1-CES-121-CE,2110.0,0.77,,,,,,,
1-CES-121-CE,2128.0,0.74,,,,,,,
1-CES-121-CE,2146.0,0.57,,,,,,,
1-CES-121-CE,2164.0,0.52,,,,,,,
1-CES-121-CE,2182.0,0.5,,,,,,,
1-CES-121-CE,2200.0,0.49,,,,,,,
1-CES-121-CE,2218.0,0.53,,,,,,,
1-CES-121-CE,2236.0,0.51,,,,,,,
1-CES-121-CE,2254.0,0.6,,,,,,,
1-CES-121-CE,2272.0,0.47,,,,,,,
1-CES-121-CE,2290.0,0.42,,,,,,,
1-CES-121-CE,2308.0,0.5,,,,,,,
1-CES-121-CE,2326.0,0.5,,,,,,,
1-CES-121-CE,2344.0,0.54,,,,,,,
1-CES-121-CE,2362.0,0.46,,,,,,,
1-CES-121-CE,2380.0,0.46,,,,,,,
1-CES-121-CE,2398.0,0.39,,,,,,,
1-CES-121-CE,2416.0,0.33,,,,,,,
1-CES-121-CE,2434.0,0.38,,,,,,,
1-CES-121-CE,2452.0,0.34,,,,,,,
1-CES-121-CE,2470.0,0.25,,,,,,,
1-CES-121-CE,2488.0,0.3,,,,,,,
1-CES-121-CE,2506.0,0.55,,,,,,,
1-CES-121-CE,2524.0,0.39,,,,,,,
1-CES-121-CE,2542.0,0.28,,,,,,,
1-CES-121-CE,2578.0,0.27,,,,,,,
1-CES-121-CE,2596.0,0.25,,,,,,,
1-CES-121-CE,2614.0,0.44,,,,,,,
1-CES-121-CE,2632.0,0.28,,,,,,,
1-CES-121-CE,2650.0,0.27,,,,,,,
1-CES-121-CE,2668.0,0.42,,,,,,,
1-CES-121-CE,2686.0,0.38,,,,,,,
1-CES-121-CE,2704.0,0.28,,,,,,,
1-CES-121-CE,2722.0,0.32,,,,,,,
1-CES-121-CE,2740.0,0.32,,,,,,,
1-CES-121-CE,2758.0,0.48,,,,,,,
1-CES-121-CE,2776.0,0.37,,,,,,,
1-CES-121-CE,2794.0,0.5,,,,,,,
1-CES-121-CE,2812.0,0.84,,,,,,,
1-CES-121-CE,2830.0,0.82,,,,,,,
1-CES-121-CE,2848.0,1.24,0.13,3.16,1.98,431.0,,254.84,159.68
1-CES-121-CE,2866.0,2.0,0.31,5.06,1.99,431.0,,253.0,99.5
1-CES-121-CE,2884.0,2.36,0.21,7.25,2.15,425.0,,307.2,91.1
1-CES-121-CE,2902.0,3.46,0.42,14.08,1.54,427.0,,406.94,44.51
1-CES-121-CE,2920.0,3.42,0.58,15.1,1.42,424.0,,441.52,41.52
1-CES-121-CE,2938.0,5.35,1.13,32.37,1.59,429.0,,605.05,29.72
1-CES-121-CE,2956.0,6.52,2.53,43.11,1.31,437.0,,661.2,20.09
1-CES-121-CE,2974.0,3.37,1.1,16.98,1.52,434.0,,503.86,45.1
1-CES-121-CE,2992.0,2.39,0.6,11.79,1.69,433.0,,493.31,70.71
1-CES-121-CE,3046.0,0.67,,,,,,,
1-CES-121-CE,3064.0,0.49,,,,,,,
1-CES-121-CE,3082.0,0.75,,,,,,,
1-CES-121-CE,3091.0,1.04,0.32,1.59,1.5,435.0,,152.88,144.23
1-CES-121-CE,3109.0,0.52,,,,,,,
1-CES-121-CE,3118.0,1.01,0.17,2.45,1.65,446.0,,242.57,163.37
1-CES-121-CE,3127.0,1.59,0.39,6.19,1.13,445.0,,389.31,71.07
1-CES-121-CE,3145.0,2.94,0.6,13.54,1.05,436.0,,460.54,35.71
1-CES-121-CE,3154.0,2.49,0.07,0.25,,513.0,,10.04,
1-CES-121-CE,3163.0,2.0,0.44,8.14,1.09,444.0,,407.0,54.5
1-CES-121-CE,3172.0,2.11,0.46,8.91,1.22,438.0,,422.27,57.82
1-CES-121-CE,3181.0,2.22,0.43,9.91,0.87,444.0,,446.4,39.19
1-CES-121-CE,3190.0,2.06,0.38,9.21,0.75,445.0,,447.09,36.41
1-CES-121-CE,3199.0,1.83,0.41,8.29,0.88,438.0,,453.01,48.09
1-CES-121-CE,3208.0,1.81,0.35,7.86,0.88,439.0,,434.25,48.62
1-CES-121-CE,3217.0,1.82,0.38,7.27,1.12,439.0,,399.45,61.54
1-CES-121-CE,3226.0,1.81,0.36,7.62,0.77,440.0,,420.99,42.54
1-CES-121-CE,3235.0,2.1,0.44,9.37,0.73,445.0,,446.19,34.76
1-CES-121-CE,3244.0,2.17,0.5,10.71,0.65,444.0,,493.55,29.95
1-CES-121-CE,3253.0,2.29,0.52,11.2,0.84,440.0,,489.08,36.68
1-CES-121-CE,3262.0,2.23,0.3,10.91,0.87,439.0,,489.24,39.01
1-CES-121-CE,3271.0,1.84,0.18,8.07,1.01,439.0,,438.59,54.89
1-CES-121-CE,3280.0,2.04,0.33,9.53,0.91,442.0,,467.16,44.61
1-CES-121-CE,3289.0,2.3,0.33,9.67,0.92,442.0,,420.43,40.0
1-CES-121-CE,3298.0,1.82,0.25,6.59,0.81,444.0,,362.09,44.51
1-CES-121-CE,3307.0,2.55,0.5,10.12,1.06,441.0,,396.86,41.57
1-CES-121-CE,3316.0,2.11,0.39,7.42,0.98,444.0,,351.66,46.45
1-CES-121-CE,3325.0,2.21,0.35,7.39,1.21,444.0,,334.39,54.75
1-CES-121-CE,3334.0,2.72,0.5,9.77,1.32,443.0,,359.19,48.53
1-CES-121-CE,3343.0,3.79,0.8,17.08,1.24,446.0,,450.66,32.72
1-CES-121-CE,3352.0,3.69,1.01,15.66,1.51,446.0,,424.39,40.92
1-CES-121-CE,3361.0,2.23,0.32,8.43,1.02,443.0,,378.03,45.74
1-CES-121-CE,3442.0,0.88,,,,,,,
1-CES-121-CE,3496.0,0.9,,,,,,,
1-CES-121-CE,3514.0,1.56,0.12,5.05,1.11,440.0,,323.72,71.15
1-CES-121-CE,3523.0,1.58,0.2,5.06,1.01,438.0,,320.25,63.92
1-CES-121-CE,3532.0,1.75,0.15,6.01,0.75,440.0,,343.43,42.86
1-CES-121-CE,3541.0,1.61,0.18,5.16,0.79,439.0,,320.5,49.07
1-CES-121-CE,3550.0,1.48,0.15,4.23,0.96,438.0,,285.81,64.86
1-CES-121-CE,3559.0,1.54,0.17,4.33,0.98,438.0,,281.17,63.64
1-CES-121-CE,3568.0,1.68,0.19,5.4,0.78,440.0,,321.43,46.43
1-CES-121-CE,3658.0,1.31,0.25,2.42,1.73,437.0,,184.73,132.06
1-CES-121-CE,3784.0,1.32,0.37,1.42,1.79,441.0,,107.58,135.61
1-CES-121-CE,3874.0,0.97,0.27,1.73,2.02,433.0,,178.35,208.25
1-CES-121-CE,3883.0,0.99,0.27,1.67,1.98,436.0,,168.69,200.0
1-CES-121-CE,3901.0,0.96,,,,,,,
1-CES-121-CE,3910.0,1.14,0.14,2.31,0.44,439.0,,202.63,38.6
1-CES-121-CE,3928.0,1.87,4.42,7.5,3.5,417.0,,401.07,187.17
1-CES-121-CE,3946.0,0.89,,,,,,,
1-CES-121-CE,3955.0,0.83,,,,,,,
1-CES-121-CE,4000.0,0.8,,,,,,,
1-CES-121-CE,4036.0,1.52,0.57,3.31,2.18,433.0,,217.76,143.42
1-CES-121-CE,4045.0,0.94,,,,,,,
1-CES-121-CE,4081.0,0.89,,,,,,,
1-CES-121-CE,4180.0,1.34,0.56,2.56,2.62,427.0,,191.04,195.52
1-CES-121-CE,4234.0,0.94,,,,,,,
1-CES-121-CE,4261.0,0.53,,,,,,,
1-CES-121-CE,4360.0,1.16,0.22,1.28,0.33,447.0,,110.34,28.45
1-CES-121-CE,4378.0,1.01,0.35,1.39,0.23,439.0,,137.62,22.77
1-CES-121-CE,4414.0,1.09,0.25,1.53,0.23,438.0,,140.37,21.1
1-CES-121-CE,4432.0,0.94,,,,,,,
