Poço,Profundidade,COT,S1,S2,S3,Tmax,Ro,IH,IO
1-RNS-2-RN,2571.2,0.58,,0.13,0.13,432.0,,22.41,22.41
1-RNS-2-RN,2580.2,0.12,,,,,,,
1-RNS-2-RN,2589.2,0.61,,0.13,0.28,433.0,,21.31,45.9
1-RNS-2-RN,2598.2,0.64,,0.14,0.26,433.0,,21.88,40.63
1-RNS-2-RN,2607.2,0.58,,0.01,0.32,,,1.72,55.17
1-RNS-2-RN,2616.2,0.56,,0.08,0.26,,,14.29,46.43
1-RNS-2-RN,2625.2,0.58,,0.09,0.25,,,15.52,43.1
1-RNS-2-RN,2634.2,0.58,,0.06,0.24,,,10.34,41.38
1-RNS-2-RN,2643.2,0.6,,0.1,0.23,,,16.67,38.33
1-RNS-2-RN,2652.2,0.59,,0.08,0.22,,,13.56,37.29
1-RNS-2-RN,2661.2,0.57,,0.12,0.25,433.0,,21.05,43.86
1-RNS-2-RN,2670.2,0.58,,0.07,0.28,,,12.07,48.28
1-RNS-2-RN,2679.2,0.56,,0.07,0.26,,,12.5,46.43
1-RNS-2-RN,2688.2,0.59,,0.15,0.26,433.0,,25.42,44.07
1-RNS-2-RN,2697.2,0.59,,0.11,0.21,433.0,,18.64,35.59
1-RNS-2-RN,2706.2,0.59,,0.12,0.25,435.0,,20.34,42.37
1-RNS-2-RN,2715.2,0.63,,0.22,0.19,434.0,,34.92,30.16
1-RNS-2-RN,2724.2,0.62,,0.15,0.23,435.0,,24.19,37.1
1-RNS-2-RN,2733.2,0.58,,0.08,0.18,,,13.79,31.03
1-RNS-2-RN,2742.2,0.68,,0.21,0.2,435.0,,30.88,29.41
1-RNS-2-RN,2751.2,0.7,,0.33,0.24,436.0,,47.14,34.29
1-RNS-2-RN,2760.2,0.78,,0.54,0.25,436.0,,69.23,32.05
1-RNS-2-RN,2766.2,0.84,,0.45,0.32,439.0,,53.57,38.1
1-RNS-2-RN,2787.2,0.95,,0.45,0.34,440.0,,47.37,35.79
1-RNS-2-RN,2796.2,1.23,0.04,1.32,0.32,442.0,,107.32,26.02
1-RNS-2-RN,2805.2,1.76,0.29,2.79,0.37,442.0,,158.52,21.02
1-RNS-2-RN,2814.2,1.29,0.15,1.35,0.37,442.0,,104.65,28.68
1-RNS-2-RN,2823.2,1.76,0.87,5.06,0.44,438.0,,287.5,25.0
1-RNS-2-RN,2832.2,1.06,0.3,0.82,0.34,438.0,,77.36,32.08
1-RNS-2-RN,2841.2,1.16,0.33,0.69,0.31,440.0,,59.48,26.72
1-RNS-2-RN,2850.2,1.25,0.46,0.98,0.31,437.0,,78.4,24.8
1-RNS-2-RN,2859.2,1.5,0.77,2.12,0.34,442.0,,141.33,22.67
1-RNS-2-RN,2868.2,1.01,0.12,0.78,0.4,442.0,,77.23,39.6
1-RNS-2-RN,2883.2,1.12,0.59,0.85,0.37,439.0,,75.89,33.04
1-RNS-2-RN,2892.2,1.07,0.31,0.9,0.3,440.0,,84.11,28.04
1-RNS-2-RN,2901.2,1.23,0.39,0.89,0.34,439.0,,72.36,27.64
1-RNS-2-RN,2910.2,1.28,0.61,0.85,0.32,438.0,,66.41,25.0
1-RNS-2-RN,2919.2,1.58,0.65,1.89,0.33,442.0,,119.62,20.89
1-RNS-2-RN,2928.2,1.47,0.74,2.02,0.33,440.0,,137.41,22.45
1-RNS-2-RN,2937.2,1.43,0.99,1.79,0.31,440.0,,125.17,21.68
1-RNS-2-RN,2946.2,1.47,0.55,2.01,0.25,440.0,,136.73,17.01
1-RNS-2-RN,2955.2,1.41,0.43,1.53,0.24,440.0,,108.51,17.02
1-RNS-2-RN,2964.2,1.6,1.12,2.59,0.27,439.0,,161.88,16.88
1-RNS-2-RN,2973.2,2.59,1.18,5.77,0.39,439.0,,222.78,15.06
1-RNS-2-RN,2982.2,3.23,1.23,6.72,0.42,435.0,,208.05,13.0
1-RNS-2-RN,2988.2,2.79,1.0,4.75,0.5,435.0,,170.25,17.92
1-RNS-2-RN,2997.2,3.43,1.02,6.67,0.59,435.0,,194.46,17.2
1-RNS-2-RN,3006.2,1.64,0.58,2.47,0.39,440.0,,150.61,23.78
1-RNS-2-RN,3015.2,1.73,0.52,2.52,0.41,438.0,,145.66,23.7
1-RNS-2-RN,3024.2,1.29,0.59,1.07,0.32,439.0,,82.95,24.81
1-RNS-2-RN,3033.2,1.36,0.75,1.21,0.32,437.0,,88.97,23.53
1-RNS-2-RN,3042.2,1.2,0.65,0.96,0.36,437.0,,80.0,30.0
1-RNS-2-RN,3051.2,1.39,0.96,1.71,0.33,439.0,,123.02,23.74
1-RNS-2-RN,3060.2,1.47,1.06,1.97,0.35,438.0,,134.01,23.81
1-RNS-2-RN,3069.2,1.18,0.58,0.71,0.33,437.0,,60.17,27.97
1-RNS-2-RN,3078.2,1.2,0.55,1.09,0.27,439.0,,90.83,22.5
1-RNS-2-RN,3087.2,1.34,0.68,1.21,0.32,438.0,,90.3,23.88
1-RNS-2-RN,2825.2,0.62,0.03,0.14,0.06,441.0,,22.58,9.68
