Poço,Profundidade,COT,S1,S2,S3,Tmax,Ro,IH,IO
1-RNS-93-RNS,879.0,0.31,,,,,,,
1-RNS-93-RNS,897.0,0.72,,,,,,,
1-RNS-93-RNS,915.0,0.93,0.13,1.17,1.09,430.0,,125.81,117.2
1-RNS-93-RNS,951.0,0.89,0.08,1.31,2.07,430.0,,147.19,232.58
1-RNS-93-RNS,969.0,0.95,0.07,1.2,2.09,432.0,,126.32,220.0
1-RNS-93-RNS,987.0,0.98,0.06,1.17,1.87,431.0,,119.39,190.82
1-RNS-93-RNS,1005.0,0.71,,,,,,,
1-RNS-93-RNS,1023.0,0.62,,,,,,,
1-RNS-93-RNS,1059.0,0.78,,,,,,,
1-RNS-93-RNS,1077.0,0.7,,,,,,,
1-RNS-93-RNS,1095.0,0.63,,,,,,,
1-RNS-93-RNS,1113.0,0.58,,,,,,,
1-RNS-93-RNS,1131.0,0.61,,,,,,,
1-RNS-93-RNS,1149.0,0.62,,,,,,,
1-RNS-93-RNS,1167.0,0.59,,,,,,,
1-RNS-93-RNS,1185.0,0.74,,,,,,,
1-RNS-93-RNS,1203.0,0.53,,,,,,,
1-RNS-93-RNS,1221.0,0.53,,,,,,,
1-RNS-93-RNS,1239.0,0.55,,,,,,,
1-RNS-93-RNS,1257.0,0.48,,,,,,,
1-RNS-93-RNS,1275.0,0.53,,,,,,,
1-RNS-93-RNS,1293.0,0.53,,,,,,,
1-RNS-93-RNS,1311.0,0.48,,,,,,,
1-RNS-93-RNS,1329.0,0.51,,,,,,,
1-RNS-93-RNS,1347.0,0.54,,,,,,,
1-RNS-93-RNS,1365.0,0.54,,,,,,,
1-RNS-93-RNS,1383.0,0.55,,,,,,,
1-RNS-93-RNS,1401.0,0.51,,,,,,,
1-RNS-93-RNS,1419.0,0.58,,,,,,,
1-RNS-93-RNS,1437.0,0.58,,,,,,,
1-RNS-93-RNS,1455.0,0.64,,,,,,,
1-RNS-93-RNS,1473.0,0.56,,,,,,,
1-RNS-93-RNS,1491.0,0.51,,,,,,,
1-RNS-93-RNS,1509.0,0.46,,,,,,,
1-RNS-93-RNS,1527.0,0.51,,,,,,,
1-RNS-93-RNS,1545.0,0.4,,,,,,,
1-RNS-93-RNS,1563.0,0.41,,,,,,,
1-RNS-93-RNS,1581.0,0.49,,,,,,,
1-RNS-93-RNS,1599.0,0.52,,,,,,,
1-RNS-93-RNS,1617.0,0.66,,,,,,,
1-RNS-93-RNS,1635.0,0.69,,,,,,,
1-RNS-93-RNS,1653.0,0.52,,,,,,,
1-RNS-93-RNS,1671.0,0.55,,,,,,,
1-RNS-93-RNS,1689.0,0.54,,,,,,,
1-RNS-93-RNS,1707.0,0.59,,,,,,,
1-RNS-93-RNS,1725.0,0.66,,,,,,,
1-RNS-93-RNS,1743.0,0.57,,,,,,,
1-RNS-93-RNS,1761.0,0.55,,,,,,,
1-RNS-93-RNS,1779.0,0.53,,,,,,,
1-RNS-93-RNS,1797.0,0.52,,,,,,,
1-RNS-93-RNS,1815.0,0.5,,,,,,,
1-RNS-93-RNS,1833.0,0.56,,,,,,,
1-RNS-93-RNS,1851.0,0.61,,,,,,,
1-RNS-93-RNS,1869.0,0.6,,,,,,,
1-RNS-93-RNS,1887.0,0.54,,,,,,,
1-RNS-93-RNS,1923.0,0.69,,,,,,,
1-RNS-93-RNS,1941.0,0.69,,,,,,,
1-RNS-93-RNS,1959.0,0.79,,,,,,,
1-RNS-93-RNS,1977.0,0.67,,,,,,,
1-RNS-93-RNS,1995.0,0.64,,,,,,,
1-RNS-93-RNS,2049.0,0.78,,,,,,,
1-RNS-93-RNS,2067.0,0.75,,,,,,,
1-RNS-93-RNS,2085.0,0.7,,,,,,,
1-RNS-93-RNS,2103.0,0.8,,,,,,,
1-RNS-93-RNS,2121.0,0.82,,,,,,,
1-RNS-93-RNS,2139.0,0.91,0.11,2.2,1.04,440.0,,241.76,114.29
1-RNS-93-RNS,2193.0,0.55,,,,,,,
1-RNS-93-RNS,2211.0,0.4,,,,,,,
1-RNS-93-RNS,2229.0,0.44,,,,,,,
1-RNS-93-RNS,2247.0,0.57,,,,,,,
1-RNS-93-RNS,2265.0,0.51,,,,,,,
1-RNS-93-RNS,2283.0,0.48,,,,,,,
1-RNS-93-RNS,2301.0,0.44,,,,,,,
1-RNS-93-RNS,2319.0,0.37,,,,,,,
1-RNS-93-RNS,2337.0,0.36,,,,,,,
1-RNS-93-RNS,2355.0,0.44,,,,,,,
1-RNS-93-RNS,2373.0,0.39,,,,,,,
1-RNS-93-RNS,2391.0,0.6,,,,,,,
1-RNS-93-RNS,2427.0,0.5,,,,,,,
1-RNS-93-RNS,2445.0,1.0,0.04,0.43,0.42,443.0,,43.0,42.0
1-RNS-93-RNS,2481.0,0.59,,,,,,,
1-RNS-93-RNS,2535.0,1.0,0.07,1.57,0.28,444.0,,157.0,28.0
1-RNS-93-RNS,2553.0,0.96,0.06,1.47,0.44,443.0,,153.13,45.83
1-RNS-93-RNS,2571.0,2.65,0.15,9.86,0.51,450.0,,372.08,19.25
1-RNS-93-RNS,2607.0,10.48,0.45,67.95,0.91,447.0,,648.38,8.68
1-RNS-93-RNS,2625.0,3.37,0.13,16.37,0.96,444.0,,485.76,28.49
1-RNS-93-RNS,3183.0,0.67,,,,,,,
1-RNS-93-RNS,3201.0,1.21,0.04,0.76,0.38,462.0,,62.81,31.4
1-RNS-93-RNS,3507.0,6.14,0.21,11.56,0.61,458.0,,188.27,9.93
