Poço,Profundidade,COT,S1,S2,S3,Tmax,Ro,IH,IO
1-RNS-21-RN,1126.0,0.4,,,,,,,
1-RNS-21-RN,1206.0,0.93,0.46,2.82,1.33,428.0,,303.23,143.01
1-RNS-21-RN,1236.0,0.69,0.27,1.93,0.69,424.0,,279.71,100.0
1-RNS-21-RN,1266.0,1.02,0.42,3.36,0.8,421.0,,329.41,78.43
1-RNS-21-RN,1276.0,1.5,0.22,5.26,0.95,421.0,,350.67,63.33
1-RNS-21-RN,1286.0,1.79,0.17,5.47,0.83,422.0,,305.59,46.37
1-RNS-21-RN,1366.0,1.96,0.29,6.51,0.66,420.0,,332.14,33.67
1-RNS-21-RN,1542.0,0.18,,,,,,,
1-RNS-21-RN,1576.0,0.16,,,,,,,
1-RNS-21-RN,1766.0,1.02,0.19,1.82,0.73,425.0,,178.43,71.57
1-RNS-21-RN,1811.0,2.44,0.22,5.44,0.69,420.0,,222.95,28.28
1-RNS-21-RN,1831.0,2.44,0.75,8.22,1.25,429.0,,336.89,51.23
1-RNS-21-RN,1836.0,2.17,0.4,3.82,1.54,424.0,,176.04,70.97
