Poço,Profundidade,COT,S1,S2,S3,Tmax,Ro,IH,IO
1-RNS-22-RN,2019.27,2.07,,,,,,,
1-RNS-22-RN,1968.0,1.08,0.13,0.79,0.72,433.0,,73.15,66.67
1-RNS-22-RN,1974.0,1.52,0.11,2.25,1.0,436.0,,148.03,65.79
1-RNS-22-RN,1980.0,1.26,0.1,1.41,0.78,437.0,,111.9,61.9
1-RNS-22-RN,1986.0,1.5,0.1,4.25,0.62,435.0,,283.33,41.33
1-RNS-22-RN,1992.0,1.82,0.18,5.74,0.54,433.0,,315.38,29.67
1-RNS-22-RN,1998.0,1.66,0.25,5.19,0.89,436.0,,312.65,53.61
1-RNS-22-RN,2004.0,2.08,0.24,6.62,1.11,432.0,,318.27,53.37
1-RNS-22-RN,2010.0,2.35,0.37,9.0,0.82,430.0,,382.98,34.89
1-RNS-22-RN,2025.0,1.93,0.24,6.54,1.69,430.0,,338.86,87.56
1-RNS-22-RN,1654.8,0.86,,,,,,,
1-RNS-22-RN,2019.8,4.29,0.78,24.53,0.71,439.0,,571.79,16.55
