Poço,Profundidade,COT,S1,S2,S3,Tmax,Ro,IH,IO
1-RNS-23-RN,1684.0,0.73,0.17,0.42,0.77,428.0,,57.53,105.48
1-RNS-23-RN,1724.0,0.75,0.06,0.38,0.95,422.0,,50.67,126.67
1-RNS-23-RN,1784.0,0.79,0.07,0.44,0.74,424.0,,55.7,93.67
1-RNS-23-RN,1834.0,0.65,0.1,0.31,1.1,426.0,,47.69,169.23
1-RNS-23-RN,1874.0,0.7,0.08,0.48,1.34,424.0,,68.57,191.43
1-RNS-23-RN,1924.0,1.18,2.33,3.8,2.3,425.0,,322.03,194.92
1-RNS-23-RN,1984.0,0.65,0.41,0.58,0.76,426.0,,89.23,116.92
1-RNS-23-RN,2024.0,0.6,0.04,0.36,0.56,428.0,,60.0,93.33
1-RNS-23-RN,2074.0,0.72,0.26,0.53,0.79,426.0,,73.61,109.72
1-RNS-23-RN,2124.0,0.68,0.06,0.47,0.6,426.0,,69.12,88.24
1-RNS-23-RN,2184.0,0.66,0.05,0.41,0.5,425.0,,62.12,75.76
1-RNS-23-RN,2244.0,0.69,0.05,0.48,0.62,427.0,,69.57,89.86
1-RNS-23-RN,2274.0,0.66,0.1,0.64,0.7,428.0,,96.97,106.06
1-RNS-23-RN,2304.0,0.51,0.05,0.3,0.46,425.0,,58.82,90.2
1-RNS-23-RN,2414.0,0.96,0.11,1.42,0.91,435.0,,147.92,94.79
1-RNS-23-RN,2464.0,0.95,0.56,1.82,0.76,432.0,,191.58,80.0
1-RNS-23-RN,2494.0,0.69,0.21,0.75,0.61,428.0,,108.7,88.41
1-RNS-23-RN,2524.0,0.57,0.17,0.47,0.32,427.0,,82.46,56.14
1-RNS-23-RN,2549.0,0.38,,,,,,,
1-RNS-23-RN,2584.0,0.38,,,,,,,
1-RNS-23-RN,2614.0,0.32,,,,,,,
1-RNS-23-RN,2644.0,0.3,,,,,,,
1-RNS-23-RN,2674.0,0.32,,,,,,,
1-RNS-23-RN,2699.0,0.36,,,,,,,
1-RNS-23-RN,2764.0,0.37,,,,,,,
1-RNS-23-RN,2784.0,0.46,,,,,,,
1-RNS-23-RN,2824.0,0.42,,,,,,,
1-RNS-23-RN,2839.0,0.56,0.06,0.42,0.41,432.0,,75.0,73.21
1-RNS-23-RN,2864.0,0.56,0.07,0.53,0.55,435.0,,94.64,98.21
1-RNS-23-RN,2879.0,0.54,0.08,0.48,0.72,436.0,,88.89,133.33
1-RNS-23-RN,2974.0,0.76,1.35,2.28,0.79,441.0,,300.0,103.95
1-RNS-23-RN,2994.0,0.5,0.09,0.41,0.99,435.0,,82.0,198.0
1-RNS-23-RN,3404.0,2.53,1.35,3.47,0.75,447.0,,137.15,29.64
1-RNS-23-RN,3554.0,2.47,1.53,4.26,1.8,447.0,,172.47,72.87
1-RNS-23-RN,3584.0,2.87,0.98,2.32,1.43,449.0,,80.84,49.83
1-RNS-23-RN,3634.0,2.8,1.22,3.32,1.21,446.0,,118.57,43.21
1-RNS-23-RN,3664.0,1.84,0.71,1.56,1.1,443.0,,84.78,59.78
1-RNS-23-RN,3724.0,2.03,1.01,2.08,0.69,452.0,,102.46,33.99
1-RNS-23-RN,3824.0,2.04,0.95,1.58,1.0,440.0,,77.45,49.02
1-RNS-23-RN,3869.0,2.5,1.29,2.72,0.94,430.0,,108.8,37.6
1-RNS-23-RN,3989.0,2.21,1.02,2.64,0.7,451.0,,119.46,31.67
1-RNS-23-RN,4084.0,1.84,1.44,3.15,0.77,433.0,,171.2,41.85
