Poço,Profundidade,COT,S1,S2,S3,Tmax,Ro,IH,IO
1-RNS-75-RNS,852.0,0.61,,,,,,,
1-RNS-75-RNS,870.0,0.47,,,,,,,
1-RNS-75-RNS,906.0,0.13,,,,,,,
1-RNS-75-RNS,1086.0,0.48,,,,,,,
1-RNS-75-RNS,1104.0,0.55,,,,,,,
1-RNS-75-RNS,1122.0,0.31,,,,,,,
1-RNS-75-RNS,1140.0,0.78,,,,,,,
1-RNS-75-RNS,1158.0,0.59,,,,,,,
1-RNS-75-RNS,1176.0,0.93,0.08,0.24,1.95,424.0,,25.81,209.68
1-RNS-75-RNS,1194.0,0.84,,,,,,,
1-RNS-75-RNS,1212.0,0.91,0.11,0.36,1.75,426.0,,39.56,192.31
1-RNS-75-RNS,1230.0,1.11,0.11,0.34,1.65,425.0,,30.63,148.65
1-RNS-75-RNS,1248.0,0.98,0.17,0.42,1.73,425.0,,42.86,176.53
1-RNS-75-RNS,1266.0,1.1,0.09,0.31,1.98,428.0,,28.18,180.0
1-RNS-75-RNS,1284.0,0.68,,,,,,,
1-RNS-75-RNS,1302.0,0.52,,,,,,,
1-RNS-75-RNS,1320.0,0.61,,,,,,,
1-RNS-75-RNS,1338.0,1.0,0.05,0.34,1.88,430.0,,34.0,188.0
1-RNS-75-RNS,1356.0,1.12,0.14,0.56,2.26,432.0,,50.0,201.79
1-RNS-75-RNS,1374.0,1.22,0.14,0.7,2.19,433.0,,57.38,179.51
1-RNS-75-RNS,1392.0,1.02,0.13,0.59,1.86,435.0,,57.84,182.35
1-RNS-75-RNS,1518.0,2.43,0.73,14.31,2.03,437.0,,588.89,83.54
1-RNS-75-RNS,1536.0,1.71,0.28,3.65,1.73,434.0,,213.45,101.17
