Poço,Profundidade,COT,S1,S2,S3,Tmax,Ro,IH,IO
1-RNS-16-RN,912.0,0.48,,,,,,,
1-RNS-16-RN,1232.0,0.85,0.72,1.18,0.62,418.0,,138.82,72.94
1-RNS-16-RN,1282.0,0.66,0.4,0.63,0.5,420.0,,95.45,75.76
1-RNS-16-RN,1332.0,0.7,0.42,0.69,0.56,425.0,,98.57,80.0
1-RNS-16-RN,1402.0,0.85,0.37,0.97,0.46,429.0,,114.12,54.12
1-RNS-16-RN,1422.0,0.74,0.22,0.62,0.48,425.0,,83.78,64.86
1-RNS-16-RN,1462.0,0.77,0.29,0.69,0.45,429.0,,89.61,58.44
1-RNS-16-RN,1482.0,0.72,0.28,0.57,1.09,432.0,,79.17,151.39
1-RNS-16-RN,1558.0,0.72,0.32,0.82,0.41,425.0,,113.89,56.94
1-RNS-16-RN,1582.0,0.42,,,,,,,
1-RNS-16-RN,1602.0,0.71,0.35,0.51,1.3,432.0,,71.83,183.1
1-RNS-16-RN,1967.0,0.15,,,,,,,
1-RNS-16-RN,2002.0,0.14,,,,,,,
1-RNS-16-RN,2052.0,0.33,,,,,,,
1-RNS-16-RN,2122.0,0.11,,,,,,,
1-RNS-16-RN,2157.0,1.18,1.23,4.17,15.31,413.0,,353.39,1297.46
1-RNS-16-RN,2172.0,0.34,,,,,,,
1-RNS-16-RN,2257.0,1.7,0.61,2.77,4.43,333.0,,162.94,260.59
1-RNS-16-RN,2337.0,0.35,,,,,,,
1-RNS-16-RN,2382.0,0.99,0.53,2.01,4.23,427.0,,203.03,427.27
1-RNS-16-RN,2442.0,0.72,0.49,0.79,2.49,433.0,,109.72,345.83
1-RNS-16-RN,2457.0,0.26,,,,,,,
1-RNS-16-RN,2472.0,0.5,1.09,0.82,0.89,479.0,,164.0,178.0
1-RNS-16-RN,2522.0,1.5,0.43,3.83,1.41,441.0,,255.33,94.0
1-RNS-16-RN,2532.0,0.57,1.01,0.97,0.82,453.0,,170.18,143.86
1-RNS-16-RN,2552.0,0.93,0.47,2.37,2.25,436.0,,254.84,241.94
1-RNS-16-RN,2577.0,0.5,0.09,0.63,0.72,435.0,,126.0,144.0
1-RNS-16-RN,2662.0,0.6,0.13,0.98,0.85,441.0,,163.33,141.67
1-RNS-16-RN,2672.0,0.55,0.14,0.89,0.87,442.0,,161.82,158.18
