Poço,Profundidade,COT,S1,S2,S3,Tmax,Ro,IH,IO
1-RNS-51-RNS,2168.0,0.32,,,,,,,
1-RNS-51-RNS,2216.0,0.4,,,,,,,
1-RNS-51-RNS,2228.0,0.4,,,,,,,
1-RNS-51-RNS,2243.0,0.34,,,,,,,
1-RNS-51-RNS,2258.0,0.3,,,,,,,
1-RNS-51-RNS,2273.0,0.36,,,,,,,
1-RNS-51-RNS,2288.0,0.38,,,,,,,
1-RNS-51-RNS,2303.0,0.45,,,,,,,
1-RNS-51-RNS,2333.0,0.44,,,,,,,
1-RNS-51-RNS,2348.0,0.4,,,,,,,
1-RNS-51-RNS,2363.0,0.47,,,,,,,
1-RNS-51-RNS,2378.0,0.59,,,,,,,
1-RNS-51-RNS,2408.0,0.44,,,,,,,
1-RNS-51-RNS,2423.0,0.51,,,,,,,
1-RNS-51-RNS,2438.0,0.63,,,,,,,
1-RNS-51-RNS,2453.0,1.01,0.08,0.82,0.79,440.0,,81.19,78.22
1-RNS-51-RNS,2468.0,0.78,,,,,,,
1-RNS-51-RNS,2483.0,1.11,1.81,3.63,1.16,431.0,,327.03,104.5
1-RNS-51-RNS,2513.0,1.39,0.16,3.17,0.76,446.0,,228.06,54.68
1-RNS-51-RNS,2528.0,1.92,0.15,6.12,0.61,447.0,,318.75,31.77
1-RNS-51-RNS,2543.0,2.3,0.2,11.27,0.74,444.0,,490.0,32.17
1-RNS-51-RNS,2558.0,2.75,0.14,6.59,1.56,438.0,,239.64,56.73
1-RNS-51-RNS,2573.0,1.34,0.12,2.51,1.17,444.0,,187.31,87.31
1-RNS-51-RNS,2588.0,0.98,0.1,1.09,0.85,444.0,,111.22,86.73
1-RNS-51-RNS,2618.0,0.8,,,,,,,
1-RNS-51-RNS,2648.0,0.93,0.36,1.45,0.51,443.0,,155.91,54.84
1-RNS-51-RNS,2693.0,0.88,,,,,,,
1-RNS-51-RNS,3833.0,1.25,0.87,0.88,0.19,468.0,,70.4,15.2
