Poço,Profundidade,COT,S1,S2,S3,Tmax,Ro,IH,IO
1-RNS-50-RNS,254.0,0.61,,,,,,,
1-RNS-50-RNS,326.0,0.94,0.12,0.82,1.35,424.0,,87.23,143.62
1-RNS-50-RNS,344.0,0.87,,,,,,,
1-RNS-50-RNS,362.0,0.73,,,,,,,
1-RNS-50-RNS,380.0,0.54,,,,,,,
1-RNS-50-RNS,908.0,1.0,0.09,1.23,0.76,426.0,,123.0,76.0
1-RNS-50-RNS,926.0,0.36,,,,,,,
1-RNS-50-RNS,944.0,0.43,,,,,,,
1-RNS-50-RNS,962.0,0.34,,,,,,,
1-RNS-50-RNS,980.0,0.37,,,,,,,
1-RNS-50-RNS,998.0,0.41,,,,,,,
1-RNS-50-RNS,1052.0,0.36,,,,,,,
1-RNS-50-RNS,1088.0,0.57,,,,,,,
1-RNS-50-RNS,1129.0,0.25,,,,,,,
1-RNS-50-RNS,1142.0,0.42,,,,,,,
1-RNS-50-RNS,1151.0,0.24,,,,,,,
1-RNS-50-RNS,1154.0,0.21,,,,,,,
1-RNS-50-RNS,1157.0,0.21,,,,,,,
1-RNS-50-RNS,1160.0,0.25,,,,,,,
1-RNS-50-RNS,1160.0,0.45,,,,,,,
1-RNS-50-RNS,1163.0,0.26,,,,,,,
1-RNS-50-RNS,1166.0,0.21,,,,,,,
1-RNS-50-RNS,1169.0,0.19,,,,,,,
1-RNS-50-RNS,1172.0,0.21,,,,,,,
1-RNS-50-RNS,1175.0,0.21,,,,,,,
1-RNS-50-RNS,1178.0,0.22,,,,,,,
1-RNS-50-RNS,1178.0,0.38,,,,,,,
1-RNS-50-RNS,1181.0,0.26,,,,,,,
1-RNS-50-RNS,1184.0,0.31,,,,,,,
1-RNS-50-RNS,1187.0,0.25,,,,,,,
1-RNS-50-RNS,1190.0,0.24,,,,,,,
1-RNS-50-RNS,1193.0,0.19,,,,,,,
1-RNS-50-RNS,1196.0,0.24,,,,,,,
1-RNS-50-RNS,1199.0,0.27,,,,,,,
1-RNS-50-RNS,1202.0,0.24,,,,,,,
1-RNS-50-RNS,1205.0,0.24,,,,,,,
1-RNS-50-RNS,1208.0,0.31,,,,,,,
1-RNS-50-RNS,1211.0,0.25,,,,,,,
1-RNS-50-RNS,1214.0,0.24,,,,,,,
1-RNS-50-RNS,1217.0,0.24,,,,,,,
1-RNS-50-RNS,1220.0,0.26,,,,,,,
1-RNS-50-RNS,1223.0,0.28,,,,,,,
1-RNS-50-RNS,1226.0,0.25,,,,,,,
1-RNS-50-RNS,1232.0,0.25,,,,,,,
1-RNS-50-RNS,1235.0,0.23,,,,,,,
1-RNS-50-RNS,1238.0,0.17,,,,,,,
1-RNS-50-RNS,1241.0,0.27,,,,,,,
1-RNS-50-RNS,1244.0,0.2,,,,,,,
1-RNS-50-RNS,1247.0,0.21,,,,,,,
1-RNS-50-RNS,1250.0,0.21,,,,,,,
1-RNS-50-RNS,1253.0,0.21,,,,,,,
1-RNS-50-RNS,1256.0,0.2,,,,,,,
1-RNS-50-RNS,1259.0,0.23,,,,,,,
1-RNS-50-RNS,1262.0,0.24,,,,,,,
1-RNS-50-RNS,1265.0,0.25,,,,,,,
1-RNS-50-RNS,1268.0,0.23,,,,,,,
1-RNS-50-RNS,1271.0,0.23,,,,,,,
1-RNS-50-RNS,1274.0,0.19,,,,,,,
1-RNS-50-RNS,1277.0,0.28,,,,,,,
1-RNS-50-RNS,1280.0,0.23,,,,,,,
1-RNS-50-RNS,1283.0,0.2,,,,,,,
1-RNS-50-RNS,1286.0,0.21,,,,,,,
1-RNS-50-RNS,1289.0,0.2,,,,,,,
1-RNS-50-RNS,1292.0,0.2,,,,,,,
1-RNS-50-RNS,1295.0,0.17,,,,,,,
1-RNS-50-RNS,1298.0,0.23,,,,,,,
1-RNS-50-RNS,1301.0,0.22,,,,,,,
1-RNS-50-RNS,1304.0,0.19,,,,,,,
1-RNS-50-RNS,1307.0,0.17,,,,,,,
1-RNS-50-RNS,1310.0,0.17,,,,,,,
1-RNS-50-RNS,1313.0,0.22,,,,,,,
1-RNS-50-RNS,1316.0,0.18,,,,,,,
1-RNS-50-RNS,1319.0,0.24,,,,,,,
1-RNS-50-RNS,1322.0,0.15,,,,,,,
1-RNS-50-RNS,1325.0,0.16,,,,,,,
1-RNS-50-RNS,1328.0,0.19,,,,,,,
1-RNS-50-RNS,1331.0,0.16,,,,,,,
1-RNS-50-RNS,1334.0,0.15,,,,,,,
1-RNS-50-RNS,1337.0,0.15,,,,,,,
1-RNS-50-RNS,1340.0,0.27,,,,,,,
1-RNS-50-RNS,1343.0,0.17,,,,,,,
1-RNS-50-RNS,1346.0,0.13,,,,,,,
1-RNS-50-RNS,1349.0,0.15,,,,,,,
1-RNS-50-RNS,1352.0,0.19,,,,,,,
1-RNS-50-RNS,1355.0,0.18,,,,,,,
1-RNS-50-RNS,1358.0,0.17,,,,,,,
1-RNS-50-RNS,1361.0,0.17,,,,,,,
1-RNS-50-RNS,1364.0,0.31,,,,,,,
1-RNS-50-RNS,1367.0,0.3,,,,,,,
1-RNS-50-RNS,1370.0,0.3,,,,,,,
1-RNS-50-RNS,1373.0,0.32,,,,,,,
1-RNS-50-RNS,1508.0,0.34,,,,,,,
1-RNS-50-RNS,1565.0,4.03,0.91,21.25,1.89,430.0,,527.3,46.9
1-RNS-50-RNS,1586.0,0.34,,,,,,,
1-RNS-50-RNS,1595.0,0.36,,,,,,,
1-RNS-50-RNS,1604.0,1.39,0.17,3.31,1.22,440.0,,238.13,87.77
1-RNS-50-RNS,1613.0,2.19,0.32,9.51,1.55,439.0,,434.25,70.78
1-RNS-50-RNS,1622.0,5.01,1.07,29.28,1.64,434.0,,584.43,32.73
1-RNS-50-RNS,1631.0,3.04,0.79,17.0,1.87,433.0,,559.21,61.51
1-RNS-50-RNS,1640.0,2.37,1.27,11.4,1.53,431.0,,481.01,64.56
1-RNS-50-RNS,1649.0,2.74,0.96,11.17,1.56,428.0,,407.66,56.93
1-RNS-50-RNS,1658.0,2.57,1.09,11.13,1.51,428.0,,433.07,58.75
1-RNS-50-RNS,1667.0,1.9,0.69,9.48,1.17,432.0,,498.95,61.58
1-RNS-50-RNS,1676.0,1.47,0.33,4.45,1.65,440.0,,302.72,112.24
