Poço,Profundidade,COT,S1,S2,S3,Tmax,Ro,IH,IO
1-RNS-28-RNS,1896.0,0.55,,,,,,,
1-RNS-28-RNS,2025.0,0.21,,,,,,,
1-RNS-28-RNS,2049.0,0.38,,,,,,,
1-RNS-28-RNS,2121.0,0.26,,,,,,,
1-RNS-28-RNS,2136.0,0.33,,,,,,,
1-RNS-28-RNS,2151.0,0.72,,,,,,,
1-RNS-28-RNS,2166.0,0.43,,,,,,,
1-RNS-28-RNS,2181.0,0.66,,,,,,,
1-RNS-28-RNS,2196.0,0.69,,,,,,,
1-RNS-28-RNS,2211.0,0.62,,,,,,,
1-RNS-28-RNS,2226.0,0.44,,,,,,,
1-RNS-28-RNS,2241.0,0.35,,,,,,,
1-RNS-28-RNS,2256.0,0.47,,,,,,,
1-RNS-28-RNS,2271.0,0.44,,,,,,,
1-RNS-28-RNS,2286.0,0.37,,,,,,,
1-RNS-28-RNS,2301.0,0.44,,,,,,,
1-RNS-28-RNS,2346.0,0.69,,,,,,,
1-RNS-28-RNS,2361.0,0.7,,,,,,,
1-RNS-28-RNS,2376.0,0.86,,,,,,,
1-RNS-28-RNS,2401.0,0.9,,0.35,0.4,440.0,,38.89,44.44
1-RNS-28-RNS,2406.0,0.74,,,,,,,
1-RNS-28-RNS,2421.0,0.7,,,,,,,
1-RNS-28-RNS,2436.0,0.96,,0.19,0.29,439.0,,19.79,30.21
1-RNS-28-RNS,2451.0,0.64,,,,,,,
1-RNS-28-RNS,2466.0,0.84,,,,,,,
1-RNS-28-RNS,2481.0,0.85,,,,,,,
1-RNS-28-RNS,2496.0,0.57,,,,,,,
1-RNS-28-RNS,2511.0,0.63,,,,,,,
1-RNS-28-RNS,2526.0,0.84,,,,,,,
1-RNS-28-RNS,2541.0,1.27,0.03,0.45,0.28,444.0,,35.43,22.05
1-RNS-28-RNS,2556.0,0.61,,,,,,,
1-RNS-28-RNS,2571.0,0.49,,,,,,,
1-RNS-28-RNS,2586.0,0.51,,,,,,,
1-RNS-28-RNS,2601.0,0.54,,,,,,,
1-RNS-28-RNS,2616.0,0.69,,,,,,,
1-RNS-28-RNS,2631.0,6.86,0.81,49.47,0.49,442.0,,721.14,7.14
1-RNS-28-RNS,2646.0,3.32,0.43,8.0,0.54,441.0,,240.96,16.27
1-RNS-28-RNS,2661.0,2.97,0.58,11.38,0.47,440.0,,383.16,15.82
1-RNS-28-RNS,2676.0,1.49,0.25,4.17,0.32,445.0,,279.87,21.48
1-RNS-28-RNS,2826.0,1.42,0.32,2.84,0.33,444.0,,200.0,23.24
1-RNS-28-RNS,2841.0,1.08,0.21,2.57,0.34,443.0,,237.96,31.48
1-RNS-28-RNS,2856.0,0.96,0.17,1.5,0.28,444.0,,156.25,29.17
1-RNS-28-RNS,2871.0,1.28,0.51,3.16,0.37,445.0,,246.88,28.91
1-RNS-28-RNS,2886.0,1.1,0.18,1.65,0.35,448.0,,150.0,31.82
1-RNS-28-RNS,2916.0,1.07,0.2,2.16,0.36,446.0,,201.87,33.64
1-RNS-28-RNS,2931.0,1.05,0.03,1.42,0.37,446.0,,135.24,35.24
1-RNS-28-RNS,2946.0,0.78,,,,,,,
1-RNS-28-RNS,3081.0,0.71,,,,,,,
1-RNS-28-RNS,3108.0,0.64,,,,,,,
1-RNS-28-RNS,3216.0,0.86,,,,,,,
1-RNS-28-RNS,3231.0,0.97,0.27,0.63,0.36,454.0,,64.95,37.11
1-RNS-28-RNS,3261.0,0.62,,,,,,,
1-RNS-28-RNS,3276.0,0.84,,,,,,,
1-RNS-28-RNS,3291.0,0.7,,,,,,,
1-RNS-28-RNS,3321.0,0.68,,,,,,,
1-RNS-28-RNS,3351.0,1.0,0.62,1.17,0.3,443.0,,117.0,30.0
1-RNS-28-RNS,3366.0,1.7,1.26,3.09,0.28,445.0,,181.76,16.47
1-RNS-28-RNS,3381.0,0.97,0.28,1.6,0.36,445.0,,164.95,37.11
1-RNS-28-RNS,3426.0,1.0,0.52,1.14,0.29,448.0,,114.0,29.0
1-RNS-28-RNS,3441.0,0.81,,,,,,,
1-RNS-28-RNS,3456.0,0.75,,,,,,,
1-RNS-28-RNS,3486.0,0.72,,,,,,,
