Poço,Profundidade,COT,S1,S2,S3,Tmax,Ro,IH,IO
1-RNS-17-RN,2181.0,2.24,0.42,4.66,0.58,426.0,,208.04,25.89
1-RNS-17-RN,2196.0,3.22,0.64,13.5,0.87,426.0,,419.25,27.02
1-RNS-17-RN,2211.0,2.41,0.57,3.77,0.4,432.0,,156.43,16.6
1-RNS-17-RN,2241.0,1.59,0.21,1.28,0.35,435.0,,80.5,22.01
1-RNS-17-RN,2256.0,1.9,0.47,2.9,0.31,435.0,,152.63,16.32
1-RNS-17-RN,2271.0,2.0,0.39,2.8,0.76,434.0,,140.0,38.0
1-RNS-17-RN,2286.0,3.02,0.39,11.47,0.8,430.0,,379.8,26.49
1-RNS-17-RN,2301.0,1.69,0.32,2.68,0.78,435.0,,158.58,46.15
1-RNS-17-RN,2391.0,2.33,0.49,2.9,0.3,438.0,,124.46,12.88
1-RNS-17-RN,2406.0,2.09,0.29,4.52,0.26,438.0,,216.27,12.44
1-RNS-17-RN,2421.0,1.96,0.32,2.98,0.25,440.0,,152.04,12.76
1-RNS-17-RN,2451.0,1.07,0.11,1.43,0.43,441.0,,133.64,40.19
1-RNS-17-RN,2466.0,1.04,0.09,1.66,0.32,441.0,,159.62,30.77
1-RNS-17-RN,2481.0,0.99,0.09,2.44,0.32,442.0,,246.46,32.32
1-RNS-17-RN,2496.0,1.13,0.1,2.52,0.19,441.0,,223.01,16.81
1-RNS-17-RN,2511.0,0.92,0.1,1.57,0.13,440.0,,170.65,14.13
1-RNS-17-RN,2541.0,0.95,1.56,1.93,0.34,437.0,,203.16,35.79
1-RNS-17-RN,2571.0,0.44,,,,,,,
1-RNS-17-RN,2586.0,0.43,,,,,,,
1-RNS-17-RN,2601.0,0.58,,,,,,,
1-RNS-17-RN,2616.0,0.8,,,,,,,
1-RNS-17-RN,2628.0,0.83,,,,,,,
1-RNS-17-RN,2646.0,0.73,,,,,,,
1-RNS-17-RN,2661.0,0.76,,,,,,,
1-RNS-17-RN,2676.0,0.71,,,,,,,
1-RNS-17-RN,2691.0,0.74,,,,,,,
1-RNS-17-RN,2706.0,0.86,,,,,,,
1-RNS-17-RN,2721.0,0.5,,,,,,,
1-RNS-17-RN,2736.0,0.57,,,,,,,
1-RNS-17-RN,2751.0,6.32,1.98,42.69,1.22,443.0,,675.47,19.3
1-RNS-17-RN,2760.0,0.9,0.1,1.41,0.32,442.0,,156.67,35.56
