Poço,Profundidade,COT,S1,S2,S3,Tmax,Ro,IH,IO
1-RNS-18-RN,2323.0,0.92,0.11,0.54,0.64,435.0,,58.7,69.57
1-RNS-18-RN,2338.0,0.77,,,,,,,
1-RNS-18-RN,2353.0,0.77,,,,,,,
1-RNS-18-RN,2368.0,3.69,0.08,17.71,0.75,437.0,,479.95,20.33
1-RNS-18-RN,2383.0,1.83,0.15,5.91,1.27,437.0,,322.95,69.4
1-RNS-18-RN,2398.0,0.81,,,,,,,
1-RNS-18-RN,2443.0,0.87,,,,,,,
1-RNS-18-RN,2458.0,1.25,0.06,1.53,0.53,438.0,,122.4,42.4
1-RNS-18-RN,2473.0,0.74,,,,,,,
1-RNS-18-RN,2518.0,0.62,,,,,,,
1-RNS-18-RN,2548.0,1.05,0.01,0.82,0.54,437.0,,78.1,51.43
1-RNS-18-RN,2563.0,1.11,0.02,1.5,0.66,440.0,,135.14,59.46
1-RNS-18-RN,2638.0,0.82,,,,,,,
