Poço,Profundidade,COT,S1,S2,S3,Tmax,Ro,IH,IO
1-RNS-24-RN,845.0,0.53,,,,,,,
1-RNS-24-RN,875.0,2.85,,,,,,,
1-RNS-24-RN,905.0,2.67,,,,,,,
1-RNS-24-RN,1175.0,1.46,0.75,5.09,0.71,478.0,,348.63,48.63
1-RNS-24-RN,1190.0,1.52,1.33,6.06,0.71,473.0,,398.68,46.71
1-RNS-24-RN,1205.0,1.44,0.78,5.34,0.64,480.0,,370.83,44.44
1-RNS-24-RN,1220.0,1.28,0.58,5.06,0.58,478.0,,395.31,45.31
1-RNS-24-RN,1235.0,1.28,0.56,4.68,0.47,479.0,,365.63,36.72
1-RNS-24-RN,1250.0,1.91,0.98,6.21,0.56,429.0,,325.13,29.32
1-RNS-24-RN,1265.0,1.44,0.67,5.2,0.59,476.0,,361.11,40.97
1-RNS-24-RN,1280.0,1.36,0.62,4.99,0.59,479.0,,366.91,43.38
1-RNS-24-RN,1295.0,1.54,0.75,4.11,0.82,470.0,,266.88,53.25
1-RNS-24-RN,1310.0,1.18,0.45,2.89,0.71,474.0,,244.92,60.17
1-RNS-24-RN,1325.0,1.23,0.44,2.59,0.77,476.0,,210.57,62.6
1-RNS-24-RN,1340.0,1.6,0.61,3.14,1.08,430.0,,196.25,67.5
1-RNS-24-RN,1355.0,1.67,0.51,2.99,0.97,430.0,,179.04,58.08
1-RNS-24-RN,1370.0,1.61,0.56,3.34,0.93,429.0,,207.45,57.76
1-RNS-24-RN,2510.0,0.52,,,,,,,
1-RNS-24-RN,2525.0,0.5,,,,,,,
1-RNS-24-RN,2540.0,0.54,,,,,,,
1-RNS-24-RN,2555.0,0.54,,,,,,,
1-RNS-24-RN,2570.0,0.56,,,,,,,
1-RNS-24-RN,2585.0,0.55,,,,,,,
1-RNS-24-RN,2600.0,0.54,,,,,,,
1-RNS-24-RN,2630.0,0.53,,,,,,,
1-RNS-24-RN,2645.0,0.62,,,,,,,
1-RNS-24-RN,2660.0,0.54,,,,,,,
1-RNS-24-RN,2675.0,0.51,,,,,,,
1-RNS-24-RN,2681.0,0.52,,,,,,,
1-RNS-24-RN,2687.0,0.47,,,,,,,
1-RNS-24-RN,2690.0,0.5,,,,,,,
1-RNS-24-RN,2693.0,0.48,,,,,,,
1-RNS-24-RN,2699.0,0.44,,,,,,,
1-RNS-24-RN,2705.0,0.41,,,,,,,
1-RNS-24-RN,2711.0,0.39,,,,,,,
1-RNS-24-RN,2717.0,0.38,,,,,,,
1-RNS-24-RN,2720.0,0.42,,,,,,,
1-RNS-24-RN,2723.0,0.43,,,,,,,
1-RNS-24-RN,2729.0,0.44,,,,,,,
1-RNS-24-RN,2735.0,0.4,,,,,,,
1-RNS-24-RN,2741.0,0.42,,,,,,,
1-RNS-24-RN,2750.0,0.44,,,,,,,
1-RNS-24-RN,2765.0,0.77,,,,,,,
1-RNS-24-RN,2780.0,0.76,,,,,,,
1-RNS-24-RN,2795.0,1.06,0.52,2.02,0.34,442.0,,190.57,32.08
1-RNS-24-RN,2810.0,1.01,0.33,1.5,0.9,442.0,,148.51,89.11
1-RNS-24-RN,2840.0,0.77,,,,,,,
1-RNS-24-RN,2855.0,0.57,,,,,,,
1-RNS-24-RN,2870.0,0.57,,,,,,,
1-RNS-24-RN,2876.0,0.47,,,,,,,
1-RNS-24-RN,2885.0,0.48,,,,,,,
1-RNS-24-RN,2894.0,0.46,,,,,,,
1-RNS-24-RN,2900.0,0.51,,,,,,,
1-RNS-24-RN,2903.0,0.51,,,,,,,
1-RNS-24-RN,2912.0,0.57,,,,,,,
1-RNS-24-RN,2915.0,0.67,,,,,,,
1-RNS-24-RN,2921.0,0.6,,,,,,,
1-RNS-24-RN,2930.0,0.61,,,,,,,
1-RNS-24-RN,2939.0,0.62,,,,,,,
1-RNS-24-RN,2945.0,0.7,,,,,,,
1-RNS-24-RN,2948.0,0.58,,,,,,,
1-RNS-24-RN,2960.0,0.67,,,,,,,
1-RNS-24-RN,2975.0,0.48,,,,,,,
1-RNS-24-RN,2990.0,0.51,,,,,,,
1-RNS-24-RN,3005.0,0.64,,,,,,,
1-RNS-24-RN,3020.0,0.58,,,,,,,
1-RNS-24-RN,3050.0,0.86,,,,,,,
1-RNS-24-RN,3065.0,0.95,0.68,0.9,0.32,449.0,,94.74,33.68
1-RNS-24-RN,3080.0,1.83,0.99,2.83,0.53,447.0,,154.64,28.96
1-RNS-24-RN,3095.0,1.39,0.87,1.46,0.25,449.0,,105.04,17.99
1-RNS-24-RN,3110.0,2.08,0.9,3.56,0.81,444.0,,171.15,38.94
1-RNS-24-RN,3125.0,2.42,1.98,3.64,0.45,445.0,,150.41,18.6
1-RNS-24-RN,3155.0,1.21,0.37,1.08,0.23,444.0,,89.26,19.01
1-RNS-24-RN,3170.0,1.22,0.3,1.32,0.64,445.0,,108.2,52.46
1-RNS-24-RN,3200.0,0.92,,,,,,,
1-RNS-24-RN,3203.0,0.77,,,,,,,
1-RNS-24-RN,3206.0,0.87,,,,,,,
1-RNS-24-RN,3239.0,0.72,,,,,,,
1-RNS-24-RN,3242.0,0.8,,,,,,,
1-RNS-24-RN,3245.0,0.86,,,,,,,
1-RNS-24-RN,3248.0,1.01,0.09,0.9,0.55,440.0,,89.11,54.46
1-RNS-24-RN,3380.0,0.64,,,,,,,
1-RNS-24-RN,3129.85,1.46,0.45,1.31,0.26,444.0,,89.73,17.81
1-RNS-24-RN,3130.3,3.37,0.61,5.45,0.33,444.0,,161.72,9.79
1-RNS-24-RN,3130.6,1.91,0.71,1.99,0.2,441.0,,104.19,10.47
1-RNS-24-RN,3131.4,1.42,0.43,1.36,0.21,445.0,,95.77,14.79
1-RNS-24-RN,3131.75,2.84,0.59,4.43,0.23,439.0,,155.99,8.1
1-RNS-24-RN,3132.45,1.81,0.75,2.2,0.24,441.0,,121.55,13.26
1-RNS-24-RN,3132.7,1.14,0.5,1.52,0.1,443.0,,133.33,8.77
1-RNS-24-RN,3132.95,0.36,,,,,,,
1-RNS-24-RN,3133.4,1.87,0.5,2.54,0.26,435.0,,135.83,13.9
1-RNS-24-RN,3133.7,3.46,0.59,4.25,0.51,441.0,,122.83,14.74
1-RNS-24-RN,3133.85,0.22,,,,,,,
1-RNS-24-RN,3134.05,3.16,0.62,4.9,0.32,444.0,,155.06,10.13
1-RNS-24-RN,3134.5,6.47,0.48,17.45,0.1,441.0,,269.71,1.55
1-RNS-24-RN,3135.75,4.66,0.26,5.48,0.7,435.0,,117.6,15.02
1-RNS-24-RN,3136.05,0.66,0.56,1.21,0.46,440.0,,183.33,69.7
1-RNS-24-RN,3136.45,1.88,0.65,5.88,0.42,441.0,,312.77,22.34
1-RNS-24-RN,3136.9,0.23,,,,,,,
1-RNS-24-RN,3137.35,0.32,,,,,,,
1-RNS-24-RN,3137.6,5.46,0.47,6.54,0.49,440.0,,119.78,8.97
1-RNS-24-RN,3138.1,1.07,1.23,1.91,0.76,421.0,,178.5,71.03
1-RNS-24-RN,3138.6,1.06,0.94,1.62,0.86,426.0,,152.83,81.13
1-RNS-24-RN,3138.95,0.44,,,,,,,
1-RNS-24-RN,3139.3,0.23,,,,,,,
1-RNS-24-RN,3139.6,4.82,0.24,5.54,0.58,442.0,,114.94,12.03
1-RNS-24-RN,3140.0,1.56,0.23,0.38,0.85,423.0,,24.36,54.49
1-RNS-24-RN,3140.4,0.77,0.21,1.14,0.31,441.0,,148.05,40.26
1-RNS-24-RN,3140.85,0.48,,,,,,,
1-RNS-24-RN,3141.2,3.69,0.34,1.08,0.6,447.0,,29.27,16.26
1-RNS-24-RN,3141.7,2.34,0.34,0.49,0.67,424.0,,20.94,28.63
1-RNS-24-RN,3142.15,1.96,0.36,0.58,1.0,417.0,,29.59,51.02
1-RNS-24-RN,3142.5,2.32,1.35,3.32,0.41,447.0,,143.1,17.67
1-RNS-24-RN,3142.8,2.98,1.0,4.82,0.38,446.0,,161.74,12.75
1-RNS-24-RN,3142.95,1.38,0.67,1.87,0.26,442.0,,135.51,18.84
1-RNS-24-RN,3143.45,2.01,1.22,4.1,0.48,447.0,,203.98,23.88
1-RNS-24-RN,3143.8,2.33,1.55,2.6,0.53,441.0,,111.59,22.75
1-RNS-24-RN,3144.05,2.79,1.55,4.34,0.57,451.0,,155.56,20.43
1-RNS-24-RN,3144.35,23.26,3.76,124.45,2.17,446.0,,535.04,9.33
1-RNS-24-RN,3144.8,2.5,0.41,0.84,0.52,435.0,,33.6,20.8
1-RNS-24-RN,3145.0,3.56,0.52,3.78,0.07,443.0,,106.18,1.97
1-RNS-24-RN,3145.2,2.72,2.61,1.36,0.87,436.0,,50.0,31.99
1-RNS-24-RN,3145.8,2.62,1.06,0.94,0.67,430.0,,35.88,25.57
1-RNS-24-RN,3146.0,1.08,0.62,0.8,0.37,453.0,,74.07,34.26
1-RNS-24-RN,3146.4,2.56,1.83,1.1,0.6,427.0,,42.97,23.44
1-RNS-24-RN,3146.7,4.44,1.05,6.54,0.39,451.0,,147.3,8.78
1-RNS-24-RN,3147.0,3.31,0.36,1.38,0.46,447.0,,41.69,13.9
1-RNS-24-RN,3147.4,1.03,1.06,0.58,0.24,436.0,,56.31,23.3
1-RNS-24-RN,3147.7,1.18,0.73,1.5,0.3,451.0,,127.12,25.42
1-RNS-24-RN,3148.1,3.5,0.36,5.14,0.4,444.0,,146.86,11.43
1-RNS-24-RN,3148.4,1.43,0.21,3.04,0.23,448.0,,212.59,16.08
1-RNS-24-RN,3148.8,3.19,0.48,6.32,0.2,449.0,,198.12,6.27
1-RNS-24-RN,3149.05,2.66,0.38,7.16,0.33,445.0,,269.17,12.41
1-RNS-24-RN,3149.5,0.28,,,,,,,
1-RNS-24-RN,3149.75,0.68,0.75,0.57,0.58,426.0,,83.82,85.29
1-RNS-24-RN,3150.0,5.11,0.2,16.26,0.56,447.0,,318.2,10.96
1-RNS-24-RN,3150.2,0.82,0.06,0.19,0.21,437.0,,23.17,25.61
