Poço,Profundidade,COT,S1,S2,S3,Tmax,Ro,IH,IO
1-RNS-71-RNS,2321.0,0.68,,,,,,,
1-RNS-71-RNS,2339.0,0.84,,,,,,,
1-RNS-71-RNS,2357.0,0.74,,,,,,,
1-RNS-71-RNS,2375.0,1.42,0.15,2.51,0.4,440.0,,176.76,28.17
1-RNS-71-RNS,2393.0,1.27,0.27,3.64,0.46,441.0,,286.61,36.22
1-RNS-71-RNS,2411.0,3.1,1.87,25.19,0.71,437.0,,812.58,22.9
1-RNS-71-RNS,2429.0,1.2,0.18,2.2,0.93,442.0,,183.33,77.5
1-RNS-71-RNS,2447.0,0.57,,,,,,,
1-RNS-71-RNS,2465.0,1.04,0.51,1.57,0.85,437.0,,150.96,81.73
1-RNS-71-RNS,2483.0,0.51,,,,,,,
1-RNS-71-RNS,2501.0,1.42,0.24,4.11,0.5,443.0,,289.44,35.21
1-RNS-71-RNS,2519.0,2.97,1.63,24.52,0.82,437.0,,825.59,27.61
1-RNS-71-RNS,2537.0,1.17,0.37,3.73,0.56,436.0,,318.8,47.86
1-RNS-71-RNS,2627.0,2.78,0.64,11.63,0.84,437.0,,418.35,30.22
1-RNS-71-RNS,2663.0,0.88,,,,,,,
1-RNS-71-RNS,2717.0,0.8,,,,,,,
1-RNS-71-RNS,2735.0,1.18,0.53,2.07,0.55,444.0,,175.42,46.61
1-RNS-71-RNS,2753.0,1.11,0.55,1.57,0.87,442.0,,141.44,78.38
1-RNS-71-RNS,2771.0,0.76,,,,,,,
1-RNS-71-RNS,2789.0,0.93,0.34,2.31,0.25,440.0,,248.39,26.88
1-RNS-71-RNS,2879.0,0.72,,,,,,,
1-RNS-71-RNS,2897.0,1.01,0.59,2.58,0.86,440.0,,255.45,85.15
1-RNS-71-RNS,2915.0,2.23,1.9,7.33,0.22,441.0,,328.7,9.87
1-RNS-71-RNS,2933.0,5.15,3.86,21.44,0.51,446.0,,416.31,9.9
1-RNS-71-RNS,2951.0,2.27,4.66,8.11,0.54,445.0,,357.27,23.79
1-RNS-71-RNS,2987.0,1.24,1.09,2.51,0.92,443.0,,202.42,74.19
1-RNS-71-RNS,3005.0,1.65,4.35,4.42,1.12,445.0,,267.88,67.88
1-RNS-71-RNS,3023.0,0.92,1.08,2.25,0.95,442.0,,244.57,103.26
1-RNS-71-RNS,3059.0,1.06,0.43,1.56,0.88,446.0,,147.17,83.02
1-RNS-71-RNS,3077.0,2.18,3.08,6.76,0.57,445.0,,310.09,26.15
1-RNS-71-RNS,3095.0,0.72,,,,,,,
1-RNS-71-RNS,3113.0,1.49,0.45,4.07,0.44,446.0,,273.15,29.53
1-RNS-71-RNS,3131.0,0.7,,,,,,,
1-RNS-71-RNS,3149.0,0.87,,,,,,,
