Poço,Profundidade,COT,S1,S2,S3,Tmax,Ro,IH,IO
1-RNS-36-RNS,780.0,0.26,,,,,,,
1-RNS-36-RNS,795.0,0.36,,,,,,,
1-RNS-36-RNS,810.0,0.41,,,,,,,
1-RNS-36-RNS,825.0,0.48,,,,,,,
1-RNS-36-RNS,1080.0,0.43,,,,,,,
1-RNS-36-RNS,1410.0,0.34,,,,,,,
1-RNS-36-RNS,1449.0,1.8,0.07,5.62,0.44,431.0,,312.22,24.44
1-RNS-36-RNS,1494.0,0.51,0.02,0.16,0.55,420.0,,31.37,107.84
1-RNS-36-RNS,1509.0,4.71,0.4,25.04,0.52,433.0,,531.63,11.04
1-RNS-36-RNS,1524.0,0.79,0.08,0.76,0.5,426.0,,96.2,63.29
1-RNS-36-RNS,1539.0,7.94,1.21,34.2,1.72,425.0,,430.73,21.66
1-RNS-36-RNS,1554.0,6.42,0.47,27.11,1.95,425.0,,422.27,30.37
