Poço,Profundidade,COT,S1,S2,S3,Tmax,Ro,IH,IO
1-RNS-19-RN,1423.0,0.69,0.25,1.93,0.55,431.0,,279.71,79.71
1-RNS-19-RN,1432.0,0.8,1.08,2.13,0.52,426.0,,266.25,65.0
1-RNS-19-RN,1588.0,1.05,0.39,2.54,0.21,470.0,,241.9,20.0
1-RNS-19-RN,1594.0,0.88,0.61,2.11,0.45,422.0,,239.77,51.14
1-RNS-19-RN,1600.0,0.48,,,,,,,
1-RNS-19-RN,1612.0,2.25,1.17,3.82,0.71,427.0,,169.78,31.56
1-RNS-19-RN,1618.0,2.92,1.36,8.01,0.7,292.0,,274.32,23.97
1-RNS-19-RN,1624.0,3.65,2.03,19.0,0.81,428.0,,520.55,22.19
1-RNS-19-RN,1630.0,2.64,0.58,17.14,0.27,427.0,,649.24,10.23
1-RNS-19-RN,1636.0,5.1,0.28,26.31,1.14,419.0,,515.88,22.35
1-RNS-19-RN,1642.0,2.47,0.75,11.29,0.23,418.0,,457.09,9.31
1-RNS-19-RN,1648.0,2.48,1.76,16.79,0.34,423.0,,677.02,13.71
