Poço,Profundidade,COT,S1,S2,S3,Tmax,Ro,IH,IO
3-UB-22-RNS,2377.0,0.78,0.03,0.76,0.58,433.0,,97.44,74.36
3-UB-22-RNS,2392.0,0.61,0.07,0.66,0.47,433.0,,108.2,77.05
3-UB-22-RNS,2407.0,0.64,0.07,0.61,0.34,433.0,,95.31,53.13
3-UB-22-RNS,2422.0,0.73,0.07,0.72,0.22,433.0,,98.63,30.14
3-UB-22-RNS,2437.0,1.19,0.07,2.6,0.54,441.0,,218.49,45.38
3-UB-22-RNS,2452.0,4.6,0.56,32.86,0.57,433.0,,714.35,12.39
3-UB-22-RNS,2467.0,6.91,0.32,48.33,0.81,438.0,,699.42,11.72
3-UB-22-RNS,2482.0,3.08,0.48,10.31,0.69,432.0,,334.74,22.4
3-UB-22-RNS,2575.0,1.9,0.15,7.07,0.4,439.0,,372.11,21.05
3-UB-22-RNS,2584.0,0.95,0.12,1.87,0.73,436.0,,196.84,76.84
3-UB-22-RNS,2656.0,0.8,0.04,1.27,0.19,439.0,,158.75,23.75
3-UB-22-RNS,2665.0,0.78,0.05,1.19,0.2,438.0,,152.56,25.64
3-UB-22-RNS,2680.0,3.07,0.56,18.05,0.28,440.0,,587.95,9.12
3-UB-22-RNS,2695.0,3.75,0.71,25.87,0.32,440.0,,689.87,8.53
3-UB-22-RNS,2710.0,2.62,0.58,16.09,0.19,443.0,,614.12,7.25
3-UB-22-RNS,2725.0,2.25,0.56,11.01,0.39,442.0,,489.33,17.33
3-UB-22-RNS,2740.0,2.36,0.59,12.05,0.28,443.0,,510.59,11.86
3-UB-22-RNS,2755.0,1.48,0.26,4.95,0.59,443.0,,334.46,39.86
3-UB-22-RNS,2770.0,1.13,0.16,3.25,0.4,443.0,,287.61,35.4
3-UB-22-RNS,2800.0,2.22,0.58,8.18,0.39,442.0,,368.47,17.57
3-UB-22-RNS,2508.4,0.24,,,,,,,
