Poço,Profundidade,COT,S1,S2,S3,Tmax,Ro,IH,IO
3-UB-25-RNS,1077.0,0.6,0.04,0.18,4.02,421.0,,30.0,670.0
3-UB-25-RNS,1092.0,0.58,0.05,0.14,3.96,415.0,,24.14,682.76
3-UB-25-RNS,1107.0,0.58,0.03,0.12,3.86,415.0,,20.69,665.52
3-UB-25-RNS,1122.0,0.57,0.02,0.12,3.34,415.0,,21.05,585.96
3-UB-25-RNS,1137.0,0.6,0.03,0.15,3.63,416.0,,25.0,605.0
3-UB-25-RNS,1152.0,0.59,0.03,0.12,3.47,416.0,,20.34,588.14
3-UB-25-RNS,1167.0,0.59,0.04,0.13,3.2,419.0,,22.03,542.37
3-UB-25-RNS,1182.0,0.6,0.03,0.13,3.06,417.0,,21.67,510.0
3-UB-25-RNS,1197.0,0.58,0.02,0.11,2.96,424.0,,18.97,510.34
3-UB-25-RNS,1212.0,0.61,0.03,0.14,3.32,419.0,,22.95,544.26
3-UB-25-RNS,1227.0,0.58,0.02,0.13,3.16,421.0,,22.41,544.83
3-UB-25-RNS,1242.0,0.64,0.02,0.11,2.62,418.0,,17.19,409.38
3-UB-25-RNS,1257.0,0.66,0.02,0.17,2.92,419.0,,25.76,442.42
3-UB-25-RNS,1272.0,0.7,0.05,0.31,3.72,418.0,,44.29,531.43
3-UB-25-RNS,1287.0,0.75,0.04,0.31,3.42,417.0,,41.33,456.0
3-UB-25-RNS,1302.0,0.8,0.04,0.46,2.48,419.0,,57.5,310.0
3-UB-25-RNS,1317.0,0.97,0.05,0.89,3.53,426.0,,91.75,363.92
3-UB-25-RNS,1332.0,0.93,0.04,0.84,3.33,427.0,,90.32,358.06
3-UB-25-RNS,1347.0,0.85,0.05,0.61,2.31,423.0,,71.76,271.76
3-UB-25-RNS,1362.0,0.85,0.04,0.57,3.52,423.0,,67.06,414.12
3-UB-25-RNS,1377.0,1.03,0.06,0.81,2.31,424.0,,78.64,224.27
3-UB-25-RNS,1392.0,1.0,0.04,0.73,2.35,425.0,,73.0,235.0
3-UB-25-RNS,1407.0,1.11,0.06,0.89,2.33,427.0,,80.18,209.91
3-UB-25-RNS,1422.0,0.98,0.05,0.61,1.35,424.0,,62.24,137.76
3-UB-25-RNS,1437.0,1.03,0.06,0.61,0.66,430.0,,59.22,64.08
3-UB-25-RNS,1452.0,0.94,0.05,0.56,1.12,422.0,,59.57,119.15
3-UB-25-RNS,1467.0,0.96,0.06,0.8,2.92,427.0,,83.33,304.17
3-UB-25-RNS,1482.0,0.98,0.05,0.83,3.57,429.0,,84.69,364.29
3-UB-25-RNS,1497.0,1.15,0.16,2.19,5.37,430.0,,190.43,466.96
3-UB-25-RNS,1512.0,0.92,0.08,1.09,4.3,424.0,,118.48,467.39
3-UB-25-RNS,1527.0,0.86,0.1,1.06,4.71,422.0,,123.26,547.67
3-UB-25-RNS,1542.0,0.8,0.06,0.72,3.63,425.0,,90.0,453.75
3-UB-25-RNS,1557.0,0.78,0.05,0.64,3.41,422.0,,82.05,437.18
3-UB-25-RNS,1572.0,0.76,0.05,0.57,3.48,423.0,,75.0,457.89
3-UB-25-RNS,1587.0,0.65,0.04,0.47,3.31,421.0,,72.31,509.23
3-UB-25-RNS,1602.0,0.68,0.05,0.56,3.28,423.0,,82.35,482.35
3-UB-25-RNS,1617.0,0.7,0.05,0.51,3.33,420.0,,72.86,475.71
3-UB-25-RNS,1632.0,0.78,0.05,0.66,3.15,426.0,,84.62,403.85
3-UB-25-RNS,1647.0,0.74,0.04,0.53,3.21,424.0,,71.62,433.78
3-UB-25-RNS,1662.0,0.77,0.04,0.58,3.19,423.0,,75.32,414.29
3-UB-25-RNS,1677.0,0.89,0.12,0.96,2.03,423.0,,107.87,228.09
3-UB-25-RNS,1692.0,0.9,0.08,0.76,2.38,423.0,,84.44,264.44
3-UB-25-RNS,1707.0,0.9,0.07,0.7,3.46,424.0,,77.78,384.44
3-UB-25-RNS,1722.0,0.89,0.07,0.78,2.86,426.0,,87.64,321.35
3-UB-25-RNS,1737.0,0.85,0.09,0.75,2.91,425.0,,88.24,342.35
3-UB-25-RNS,1752.0,0.82,0.03,0.79,1.37,424.0,,96.34,167.07
3-UB-25-RNS,1767.0,0.8,0.08,0.76,2.94,428.0,,95.0,367.5
3-UB-25-RNS,1782.0,0.88,0.06,0.8,1.39,425.0,,90.91,157.95
3-UB-25-RNS,1797.0,1.06,0.09,1.14,1.19,427.0,,107.55,112.26
3-UB-25-RNS,1812.0,0.98,0.09,1.06,1.29,427.0,,108.16,131.63
3-UB-25-RNS,1827.0,0.96,0.08,0.93,2.85,426.0,,96.88,296.88
3-UB-25-RNS,1842.0,1.3,0.23,3.21,2.81,427.0,,246.92,216.15
3-UB-25-RNS,1857.0,1.2,0.17,2.01,1.57,422.0,,167.5,130.83
3-UB-25-RNS,1872.0,0.93,0.09,0.83,0.84,426.0,,89.25,90.32
3-UB-25-RNS,1887.0,0.95,0.06,0.74,0.65,426.0,,77.89,68.42
3-UB-25-RNS,1902.0,0.99,0.08,0.77,0.79,425.0,,77.78,79.8
3-UB-25-RNS,1917.0,0.9,0.08,0.75,0.75,426.0,,83.33,83.33
3-UB-25-RNS,1932.0,0.93,0.06,0.55,0.92,425.0,,59.14,98.92
3-UB-25-RNS,1947.0,0.86,0.05,0.59,0.57,423.0,,68.6,66.28
3-UB-25-RNS,1962.0,0.87,0.1,0.66,0.77,426.0,,75.86,88.51
3-UB-25-RNS,1977.0,0.91,0.1,0.74,0.63,426.0,,81.32,69.23
3-UB-25-RNS,1992.0,0.93,0.11,0.75,2.8,429.0,,80.65,301.08
3-UB-25-RNS,2007.0,0.95,0.12,0.75,1.25,427.0,,78.95,131.58
3-UB-25-RNS,2022.0,0.97,0.12,0.79,2.06,428.0,,81.44,212.37
3-UB-25-RNS,2037.0,0.94,0.12,0.75,2.14,425.0,,79.79,227.66
3-UB-25-RNS,2052.0,0.93,0.12,0.75,2.56,428.0,,80.65,275.27
3-UB-25-RNS,2067.0,0.89,0.1,0.64,2.79,429.0,,71.91,313.48
3-UB-25-RNS,2082.0,0.9,0.09,0.64,1.15,426.0,,71.11,127.78
3-UB-25-RNS,2097.0,0.95,0.1,0.65,2.27,428.0,,68.42,238.95
3-UB-25-RNS,2112.0,0.88,0.09,0.64,2.9,428.0,,72.73,329.55
3-UB-25-RNS,2127.0,0.97,0.12,0.83,2.14,433.0,,85.57,220.62
3-UB-25-RNS,2142.0,1.01,0.12,0.78,1.32,432.0,,77.23,130.69
3-UB-25-RNS,2157.0,1.16,0.07,0.85,0.81,434.0,,73.28,69.83
3-UB-25-RNS,2175.0,1.12,0.07,0.77,0.64,432.0,,68.75,57.14
3-UB-25-RNS,2187.0,0.97,0.07,0.63,2.09,430.0,,64.95,215.46
3-UB-25-RNS,2202.0,1.0,0.06,0.69,2.11,430.0,,69.0,211.0
3-UB-25-RNS,2217.0,1.1,0.07,1.2,2.11,438.0,,109.09,191.82
3-UB-25-RNS,2232.0,1.12,0.13,1.14,1.94,432.0,,101.79,173.21
3-UB-25-RNS,2541.0,0.98,0.1,0.87,2.93,431.0,,88.78,298.98
3-UB-25-RNS,2556.0,0.96,0.13,1.07,2.78,429.0,,111.46,289.58
3-UB-25-RNS,2568.0,1.0,0.12,1.09,3.0,434.0,,109.0,300.0
3-UB-25-RNS,2592.0,0.96,0.08,0.86,2.28,428.0,,89.58,237.5
3-UB-25-RNS,2311.0,0.32,,,,,,,
3-UB-25-RNS,2325.0,0.18,,,,,,,
3-UB-25-RNS,2375.0,0.04,,,,,,,
3-UB-25-RNS,2402.0,0.64,0.05,0.69,0.05,440.0,,107.81,7.81
3-UB-25-RNS,2426.0,0.18,,,,,,,
3-UB-25-RNS,2436.0,0.38,,,,,,,
3-UB-25-RNS,2449.0,0.41,,,,,,,
3-UB-25-RNS,2482.0,0.42,,,,,,,
3-UB-25-RNS,2490.0,0.6,0.04,0.76,0.03,439.0,,126.67,5.0
3-UB-25-RNS,2503.0,0.38,,,,,,,
