Poço,Profundidade,COT,S1,S2,S3,Tmax,Ro,IH,IO
3-UB-12-RNS,1887.0,0.45,,,,,,,
3-UB-12-RNS,1947.0,0.52,,,,,,,
3-UB-12-RNS,2007.0,0.45,,,,,,,
3-UB-12-RNS,2022.0,0.48,,,,,,,
3-UB-12-RNS,2037.0,0.5,,,,,,,
3-UB-12-RNS,2052.0,0.56,,,,,,,
3-UB-12-RNS,2067.0,0.57,,,,,,,
3-UB-12-RNS,2097.0,0.78,,,,,,,
3-UB-12-RNS,2112.0,0.74,,,,,,,
3-UB-12-RNS,2127.0,0.79,,,,,,,
3-UB-12-RNS,2142.0,1.7,0.09,4.16,0.45,431.0,,244.71,26.47
3-UB-12-RNS,2157.0,0.92,0.03,0.62,0.47,424.0,,67.39,51.09
3-UB-12-RNS,2172.0,0.74,,,,,,,
3-UB-12-RNS,2187.0,0.87,,,,,,,
3-UB-12-RNS,2202.0,0.72,,,,,,,
3-UB-12-RNS,2217.0,0.69,,,,,,,
3-UB-12-RNS,2232.0,0.98,0.03,0.62,0.42,425.0,,63.27,42.86
3-UB-12-RNS,2247.0,0.86,,,,,,,
3-UB-12-RNS,2262.0,0.64,,,,,,,
3-UB-12-RNS,2277.0,0.7,,,,,,,
3-UB-12-RNS,2292.0,1.0,0.03,0.72,0.37,427.0,,72.0,37.0
3-UB-12-RNS,2307.0,0.67,,,,,,,
3-UB-12-RNS,2322.0,0.57,,,,,,,
3-UB-12-RNS,2337.0,0.66,,,,,,,
3-UB-12-RNS,2352.0,0.69,,,,,,,
3-UB-12-RNS,2367.0,0.79,,,,,,,
3-UB-12-RNS,2382.0,0.82,,,,,,,
3-UB-12-RNS,2397.0,0.77,,,,,,,
3-UB-12-RNS,2412.0,1.72,0.1,5.18,0.35,437.0,,301.16,20.35
3-UB-12-RNS,2427.0,1.55,0.11,3.4,0.61,437.0,,219.35,39.35
3-UB-12-RNS,2442.0,1.27,0.04,2.13,0.44,437.0,,167.72,34.65
3-UB-12-RNS,2457.0,2.81,0.12,13.77,0.62,440.0,,490.04,22.06
3-UB-12-RNS,2472.0,3.73,0.17,23.62,0.57,433.0,,633.24,15.28
3-UB-12-RNS,2487.0,3.76,0.62,22.31,0.64,436.0,,593.35,17.02
3-UB-12-RNS,2499.0,2.32,0.24,7.94,0.6,435.0,,342.24,25.86
3-UB-12-RNS,2526.0,0.77,,,,,,,
3-UB-12-RNS,2541.0,0.69,,,,,,,
3-UB-12-RNS,2556.0,1.0,0.03,0.81,0.57,436.0,,81.0,57.0
3-UB-12-RNS,2571.0,1.0,0.02,0.69,0.43,436.0,,69.0,43.0
3-UB-12-RNS,2586.0,0.77,,,,,,,
3-UB-12-RNS,2601.0,0.68,,,,,,,
3-UB-12-RNS,2616.0,0.64,,,,,,,
3-UB-12-RNS,2631.0,0.69,,,,,,,
3-UB-12-RNS,2646.0,1.38,0.05,2.38,0.42,439.0,,172.46,30.43
3-UB-12-RNS,2658.0,2.23,0.14,7.95,0.49,438.0,,356.5,21.97
3-UB-12-RNS,2502.0,0.28,,,,,,,
3-UB-12-RNS,2502.5,0.36,,,,,,,
3-UB-12-RNS,2507.8,0.12,,,,,,,
3-UB-12-RNS,2508.5,0.09,,,,,,,
3-UB-12-RNS,2513.0,0.14,,,,,,,
3-UB-12-RNS,2520.6,0.78,,,,,,,
3-UB-12-RNS,2522.6,0.72,,,,,,,
