Poço,Profundidade,COT,S1,S2,S3,Tmax,Ro,IH,IO
4-SES-17-SE,938.0,0.43,,,,,,,
4-SES-17-SE,968.0,0.41,,,,,,,
4-SES-17-SE,998.0,0.48,,,,,,,
4-SES-17-SE,1028.0,0.46,,,,,,,
4-SES-17-SE,1058.0,0.51,,,,,,,
4-SES-17-SE,1088.0,0.56,,,,,,,
4-SES-17-SE,1118.0,0.6,,,,,,,
4-SES-17-SE,1148.0,0.39,,,,,,,
4-SES-17-SE,1178.0,0.63,,,,,,,
4-SES-17-SE,1208.0,0.69,0.55,0.68,1.06,437.0,,98.55,153.62
4-SES-17-SE,1238.0,0.67,0.62,0.65,0.9,438.0,,97.01,134.33
4-SES-17-SE,1268.0,0.74,0.94,0.83,0.87,467.0,,112.16,117.57
4-SES-17-SE,1298.0,0.57,,,,,,,
4-SES-17-SE,1328.0,0.56,,,,,,,
4-SES-17-SE,1358.0,0.56,,,,,,,
4-SES-17-SE,1388.0,0.53,,,,,,,
4-SES-17-SE,1418.0,0.6,,,,,,,
4-SES-17-SE,1448.0,0.51,,,,,,,
4-SES-17-SE,1478.0,0.53,,,,,,,
4-SES-17-SE,1508.0,0.55,,,,,,,
4-SES-17-SE,1538.0,0.6,,,,,,,
4-SES-17-SE,1568.0,0.59,,,,,,,
4-SES-17-SE,1598.0,0.65,0.57,0.53,0.68,467.0,,81.54,104.62
4-SES-17-SE,1628.0,0.71,0.54,0.47,0.59,456.0,,66.2,83.1
4-SES-17-SE,1658.0,0.59,,,,,,,
4-SES-17-SE,1688.0,0.66,0.51,0.48,0.44,469.0,,72.73,66.67
4-SES-17-SE,1718.0,0.75,0.73,0.6,0.48,467.0,,80.0,64.0
4-SES-17-SE,1748.0,0.92,0.87,0.9,0.46,438.0,,97.83,50.0
4-SES-17-SE,1778.0,0.74,0.63,0.63,0.57,473.0,,85.14,77.03
4-SES-17-SE,1808.0,0.7,0.57,0.51,0.35,468.0,,72.86,50.0
4-SES-17-SE,1838.0,0.62,,,,,,,
4-SES-17-SE,1868.0,0.69,0.53,0.48,0.33,470.0,,69.57,47.83
4-SES-17-SE,1898.0,0.65,0.29,0.3,0.31,466.0,,46.15,47.69
4-SES-17-SE,1928.0,0.66,0.4,0.4,0.34,468.0,,60.61,51.52
4-SES-17-SE,1958.0,0.69,0.31,0.32,0.3,472.0,,46.38,43.48
4-SES-17-SE,1988.0,0.69,0.4,0.42,0.35,469.0,,60.87,50.72
4-SES-17-SE,2018.0,0.67,0.44,0.48,0.52,471.0,,71.64,77.61
4-SES-17-SE,2048.0,0.6,,,,,,,
4-SES-17-SE,2078.0,0.59,,,,,,,
4-SES-17-SE,2108.0,0.64,0.45,0.51,0.41,476.0,,79.69,64.06
4-SES-17-SE,2138.0,0.59,,,,,,,
4-SES-17-SE,2168.0,0.58,,,,,,,
4-SES-17-SE,2198.0,0.58,,,,,,,
4-SES-17-SE,2228.0,0.57,,,,,,,
4-SES-17-SE,2258.0,0.6,,,,,,,
4-SES-17-SE,2288.0,0.64,0.61,0.66,0.43,477.0,,103.13,67.19
4-SES-17-SE,2318.0,0.63,0.59,0.53,0.53,456.0,,84.13,84.13
4-SES-17-SE,2348.0,0.75,1.05,0.88,0.89,480.0,,117.33,118.67
4-SES-17-SE,2378.0,0.68,0.75,0.8,0.85,486.0,,117.65,125.0
4-SES-17-SE,2408.0,1.04,2.58,1.57,1.1,485.0,,150.96,105.77
4-SES-17-SE,2438.0,0.6,,,,,,,
4-SES-17-SE,2468.0,0.65,0.46,0.54,0.36,474.0,,83.08,55.38
4-SES-17-SE,2498.0,0.6,,,,,,,
4-SES-17-SE,2528.0,0.68,0.75,0.75,0.54,483.0,,110.29,79.41
4-SES-17-SE,2558.0,0.58,,,,,,,
4-SES-17-SE,2588.0,0.59,,,,,,,
4-SES-17-SE,2618.0,0.53,,,,,,,
4-SES-17-SE,2648.0,0.53,,,,,,,
4-SES-17-SE,2678.0,0.61,,,,,,,
