Poço,Profundidade,COT,S1,S2,S3,Tmax,Ro,IH,IO
4-SES-98-SES,802.0,0.28,,,,,,,
4-SES-98-SES,874.0,0.27,,,,,,,
4-SES-98-SES,892.0,0.62,,,,,,,
4-SES-98-SES,910.0,0.67,,,,,,,
4-SES-98-SES,928.0,0.7,,,,,,,
4-SES-98-SES,946.0,0.6,,,,,,,
4-SES-98-SES,964.0,0.25,,,,,,,
4-SES-98-SES,982.0,0.37,,,,,,,
4-SES-98-SES,1000.0,0.34,,,,,,,
4-SES-98-SES,1018.0,0.36,,,,,,,
4-SES-98-SES,1036.0,0.41,,,,,,,
4-SES-98-SES,1054.0,0.4,,,,,,,
4-SES-98-SES,1072.0,0.43,,,,,,,
4-SES-98-SES,1090.0,0.4,,,,,,,
4-SES-98-SES,1108.0,0.38,,,,,,,
4-SES-98-SES,1126.0,0.42,,,,,,,
4-SES-98-SES,1144.0,0.44,,,,,,,
4-SES-98-SES,1162.0,0.4,,,,,,,
4-SES-98-SES,1180.0,0.51,,,,,,,
4-SES-98-SES,1198.0,0.53,,,,,,,
4-SES-98-SES,1216.0,0.53,,,,,,,
4-SES-98-SES,1234.0,0.52,,,,,,,
4-SES-98-SES,1252.0,0.5,,,,,,,
4-SES-98-SES,1270.0,0.5,,,,,,,
4-SES-98-SES,1288.0,0.53,,,,,,,
4-SES-98-SES,1306.0,0.52,,,,,,,
4-SES-98-SES,1324.0,0.55,,,,,,,
4-SES-98-SES,1342.0,0.5,,,,,,,
4-SES-98-SES,1360.0,0.63,,,,,,,
4-SES-98-SES,1378.0,0.6,,,,,,,
4-SES-98-SES,1396.0,0.59,,,,,,,
4-SES-98-SES,1414.0,0.55,,,,,,,
4-SES-98-SES,1432.0,0.54,,,,,,,
4-SES-98-SES,1450.0,0.53,,,,,,,
4-SES-98-SES,1468.0,0.55,,,,,,,
4-SES-98-SES,1486.0,0.58,,,,,,,
4-SES-98-SES,1504.0,0.57,,,,,,,
4-SES-98-SES,1522.0,0.53,,,,,,,
4-SES-98-SES,1540.0,0.53,,,,,,,
4-SES-98-SES,1558.0,0.57,,,,,,,
4-SES-98-SES,1576.0,0.62,,,,,,,
4-SES-98-SES,1594.0,0.5,,,,,,,
4-SES-98-SES,1612.0,0.6,,,,,,,
4-SES-98-SES,1630.0,0.67,,,,,,,
4-SES-98-SES,1648.0,0.61,,,,,,,
4-SES-98-SES,1666.0,0.66,,,,,,,
4-SES-98-SES,1684.0,0.55,,,,,,,
4-SES-98-SES,1702.0,0.59,,,,,,,
4-SES-98-SES,1720.0,0.86,0.13,1.07,2.96,438.0,,124.42,344.19
4-SES-98-SES,1738.0,0.59,,,,,,,
4-SES-98-SES,1756.0,0.54,,,,,,,
4-SES-98-SES,1774.0,0.78,,,,,,,
4-SES-98-SES,1792.0,0.47,,,,,,,
4-SES-98-SES,1810.0,0.84,0.13,1.07,2.0,430.0,,127.38,238.1
4-SES-98-SES,1828.0,0.62,,,,,,,
4-SES-98-SES,1918.0,2.07,0.11,6.42,1.98,436.0,,310.14,95.65
4-SES-98-SES,1936.0,1.38,0.08,2.41,2.35,437.0,,174.64,170.29
4-SES-98-SES,1954.0,3.18,0.15,17.32,1.03,436.0,,544.65,32.39
4-SES-98-SES,1972.0,2.78,0.16,13.06,2.5,436.0,,469.78,89.93
4-SES-98-SES,1990.0,5.26,0.14,33.31,1.02,437.0,,633.27,19.39
4-SES-98-SES,2008.0,1.82,0.09,6.03,3.12,443.0,,331.32,171.43
4-SES-98-SES,2062.0,0.52,,,,,,,
4-SES-98-SES,2080.0,0.96,0.06,2.26,1.08,444.0,,235.42,112.5
4-SES-98-SES,2098.0,0.81,0.05,1.9,2.08,446.0,,234.57,256.79
