Poço,Profundidade,COT,S1,S2,S3,Tmax,Ro,IH,IO
4-SES-44-SE,879.0,0.65,0.47,0.4,0.84,420.0,,61.54,129.23
4-SES-44-SE,978.0,0.55,0.12,0.22,2.67,417.0,,40.0,485.45
4-SES-44-SE,1028.0,0.68,0.27,0.63,0.82,437.0,,92.65,120.59
4-SES-44-SE,1029.0,0.65,0.22,0.32,1.05,425.0,,49.23,161.54
4-SES-44-SE,1080.0,0.57,0.22,0.29,1.94,413.0,,50.88,340.35
4-SES-44-SE,1138.0,0.66,0.15,0.29,1.8,415.0,,43.94,272.73
4-SES-44-SE,1179.0,0.65,0.18,0.26,0.58,425.0,,40.0,89.23
4-SES-44-SE,1230.0,0.68,0.14,0.24,1.4,430.0,,35.29,205.88
4-SES-44-SE,1278.0,0.56,0.12,0.21,2.45,421.0,,37.5,437.5
4-SES-44-SE,1329.0,0.71,0.26,0.34,1.06,423.0,,47.89,149.3
4-SES-44-SE,1380.0,0.71,0.14,0.3,1.37,419.0,,42.25,192.96
4-SES-44-SE,1428.0,0.73,0.24,0.31,0.9,419.0,,42.47,123.29
4-SES-44-SE,1479.0,0.76,0.21,0.29,0.37,427.0,,38.16,48.68
4-SES-44-SE,1530.0,0.71,0.12,0.29,1.41,424.0,,40.85,198.59
4-SES-44-SE,1578.0,0.74,0.15,0.29,1.35,423.0,,39.19,182.43
4-SES-44-SE,1629.0,0.75,0.17,0.3,0.25,433.0,,40.0,33.33
4-SES-44-SE,1680.0,0.68,0.16,0.33,1.34,428.0,,48.53,197.06
4-SES-44-SE,1728.0,0.74,0.25,0.37,1.33,432.0,,50.0,179.73
4-SES-44-SE,1779.0,0.77,0.46,0.42,0.39,433.0,,54.55,50.65
4-SES-44-SE,1830.0,0.69,0.16,0.3,1.62,424.0,,43.48,234.78
4-SES-44-SE,1878.0,0.71,0.16,0.34,1.29,428.0,,47.89,181.69
4-SES-44-SE,1929.0,0.71,0.21,0.32,0.46,427.0,,45.07,64.79
4-SES-44-SE,1980.0,0.71,0.22,0.75,1.56,434.0,,105.63,219.72
4-SES-44-SE,2169.0,1.01,0.46,1.15,0.19,438.0,,113.86,18.81
4-SES-44-SE,2283.0,1.28,0.87,2.97,0.4,439.0,,232.03,31.25
4-SES-44-SE,2289.0,1.1,0.34,1.57,0.46,440.0,,142.73,41.82
4-SES-44-SE,2310.0,0.88,0.6,1.62,0.58,442.0,,184.09,65.91
4-SES-44-SE,2313.0,0.86,0.3,1.38,0.41,441.0,,160.47,47.67
4-SES-44-SE,2322.0,0.96,0.38,1.79,0.25,442.0,,186.46,26.04
4-SES-44-SE,2325.0,1.08,0.36,1.9,0.49,448.0,,175.93,45.37
4-SES-44-SE,2328.0,0.54,0.68,0.92,0.94,445.0,,170.37,174.07
4-SES-44-SE,2346.0,1.62,1.14,4.59,0.74,443.0,,283.33,45.68
4-SES-44-SE,2352.0,0.92,0.46,1.76,0.64,445.0,,191.3,69.57
4-SES-44-SE,2364.0,0.86,0.9,1.57,0.89,448.0,,182.56,103.49
4-SES-44-SE,2367.0,1.49,0.48,3.54,1.38,445.0,,237.58,92.62
4-SES-44-SE,2370.0,3.56,3.39,13.18,1.08,445.0,,370.22,30.34
4-SES-44-SE,2373.0,4.36,1.92,14.74,1.06,442.0,,338.07,24.31
4-SES-44-SE,2391.0,1.63,1.17,4.59,0.87,444.0,,281.6,53.37
4-SES-44-SE,2394.0,1.05,0.49,2.28,0.91,446.0,,217.14,86.67
4-SES-44-SE,2397.0,1.62,0.8,4.4,1.28,443.0,,271.6,79.01
4-SES-44-SE,2400.0,1.37,1.19,3.78,1.24,443.0,,275.91,90.51
4-SES-44-SE,2403.0,1.3,0.89,3.43,1.28,443.0,,263.85,98.46
4-SES-44-SE,2406.0,1.2,0.86,3.38,1.66,443.0,,281.67,138.33
4-SES-44-SE,2412.0,2.02,1.71,6.58,1.02,443.0,,325.74,50.5
4-SES-44-SE,2427.0,2.41,1.0,8.2,0.81,442.0,,340.25,33.61
4-SES-44-SE,2430.0,1.1,0.59,2.98,0.58,443.0,,270.91,52.73
4-SES-44-SE,2445.0,3.04,1.34,9.8,1.46,439.0,,322.37,48.03
4-SES-44-SE,2451.0,3.39,3.14,12.0,0.99,441.0,,353.98,29.2
4-SES-44-SE,2454.0,1.49,1.21,3.27,1.44,442.0,,219.46,96.64
4-SES-44-SE,2457.0,1.35,0.76,5.07,0.93,443.0,,375.56,68.89
4-SES-44-SE,2460.0,1.56,0.95,4.25,1.18,442.0,,272.44,75.64
4-SES-44-SE,2463.0,2.16,1.13,8.14,1.01,442.0,,376.85,46.76
4-SES-44-SE,2469.0,1.2,0.87,3.79,0.92,445.0,,315.83,76.67
4-SES-44-SE,2472.0,0.73,0.56,1.58,0.86,442.0,,216.44,117.81
4-SES-44-SE,2484.0,0.48,,,,,,,
4-SES-44-SE,2502.0,0.88,0.39,1.95,0.6,442.0,,221.59,68.18
4-SES-44-SE,2505.0,0.98,0.52,2.29,0.79,441.0,,233.67,80.61
4-SES-44-SE,2508.0,0.92,0.46,2.04,0.59,442.0,,221.74,64.13
4-SES-44-SE,2179.3,0.41,,,,,,,
4-SES-44-SE,2199.4,0.19,,,,,,,
4-SES-44-SE,2212.0,1.46,0.7,2.88,0.15,434.0,,197.26,10.27
