Poço,Profundidade,COT,S1,S2,S3,Tmax,Ro,IH,IO
6-CM-36-SES,785.0,0.66,0.14,1.2,0.64,384.0,,181.82,96.97
6-CM-36-SES,815.0,0.62,0.16,1.06,0.62,389.0,,170.97,100.0
6-CM-36-SES,845.0,0.4,,,,,,,
6-CM-36-SES,875.0,0.32,,,,,,,
6-CM-36-SES,905.0,0.33,,,,,,,
6-CM-36-SES,935.0,0.36,,,,,,,
6-CM-36-SES,965.0,0.39,,,,,,,
6-CM-36-SES,995.0,0.48,,,,,,,
6-CM-36-SES,1025.0,0.55,0.11,0.65,0.8,408.0,,118.18,145.45
6-CM-36-SES,1055.0,0.73,0.15,1.01,0.91,409.0,,138.36,124.66
6-CM-36-SES,1085.0,0.5,0.13,0.64,0.83,391.0,,128.0,166.0
6-CM-36-SES,1115.0,0.56,0.12,0.65,0.86,412.0,,116.07,153.57
6-CM-36-SES,1145.0,0.61,0.08,0.58,1.27,419.0,,95.08,208.2
6-CM-36-SES,1175.0,0.64,0.14,0.87,0.78,412.0,,135.94,121.88
6-CM-36-SES,1205.0,0.89,0.13,0.76,0.59,421.0,,85.39,66.29
6-CM-36-SES,1235.0,0.62,0.1,0.61,0.75,416.0,,98.39,120.97
6-CM-36-SES,1265.0,0.55,0.08,0.47,0.75,416.0,,85.45,136.36
6-CM-36-SES,1295.0,0.58,0.1,0.55,0.88,415.0,,94.83,151.72
6-CM-36-SES,1325.0,0.64,0.09,0.55,0.56,421.0,,85.94,87.5
6-CM-36-SES,1355.0,0.67,0.15,0.8,0.97,424.0,,119.4,144.78
6-CM-36-SES,1385.0,0.81,0.12,0.95,0.38,424.0,,117.28,46.91
6-CM-36-SES,1415.0,0.79,0.11,0.9,0.37,425.0,,113.92,46.84
6-CM-36-SES,1445.0,0.82,0.11,1.01,0.36,428.0,,123.17,43.9
6-CM-36-SES,1475.0,0.73,0.1,0.87,0.43,427.0,,119.18,58.9
6-CM-36-SES,1505.0,0.76,0.16,1.23,0.46,429.0,,161.84,60.53
6-CM-36-SES,1535.0,0.74,0.14,1.06,0.6,428.0,,143.24,81.08
6-CM-36-SES,1565.0,0.72,0.1,1.0,0.46,430.0,,138.89,63.89
6-CM-36-SES,1595.0,0.71,0.13,1.05,0.43,429.0,,147.89,60.56
6-CM-36-SES,1625.0,0.7,0.14,0.94,0.45,430.0,,134.29,64.29
6-CM-36-SES,1655.0,0.73,0.03,0.62,0.37,427.0,,84.93,50.68
6-CM-36-SES,1685.0,2.54,1.62,20.32,0.85,430.0,,800.0,33.46
6-CM-36-SES,1715.0,0.51,0.15,1.54,0.56,430.0,,301.96,109.8
6-CM-36-SES,1745.0,3.24,1.1,14.51,0.71,426.0,,447.84,21.91
6-CM-36-SES,1775.0,4.78,0.96,8.62,0.53,432.0,,180.33,11.09
6-CM-36-SES,1805.0,2.4,0.79,7.34,0.27,433.0,,305.83,11.25
6-CM-36-SES,1835.0,2.71,0.99,12.12,0.32,429.0,,447.23,11.81
6-CM-36-SES,1865.0,2.5,1.73,10.69,0.21,433.0,,427.6,8.4
6-CM-36-SES,1895.0,2.46,0.87,10.66,0.32,431.0,,433.33,13.01
6-CM-36-SES,1925.0,2.32,0.54,5.83,0.22,430.0,,251.29,9.48
6-CM-36-SES,1955.0,2.51,1.15,10.61,1.2,432.0,,422.71,47.81
6-CM-36-SES,1985.0,1.58,0.58,5.28,0.22,430.0,,334.18,13.92
6-CM-36-SES,2015.0,1.98,0.6,7.33,0.35,428.0,,370.2,17.68
6-CM-36-SES,2045.0,2.16,0.7,8.62,0.25,430.0,,399.07,11.57
6-CM-36-SES,2075.0,2.19,0.84,8.65,0.45,433.0,,394.98,20.55
6-CM-36-SES,2135.0,1.57,0.45,6.08,0.38,432.0,,387.26,24.2
6-CM-36-SES,2165.0,1.83,0.47,7.54,0.24,437.0,,412.02,13.11
6-CM-36-SES,2195.0,1.16,0.22,3.51,0.25,439.0,,302.59,21.55
6-CM-36-SES,2225.0,2.05,0.42,8.62,0.23,437.0,,420.49,11.22
6-CM-36-SES,2255.0,2.14,0.56,9.67,0.23,436.0,,451.87,10.75
6-CM-36-SES,2285.0,3.11,0.74,13.67,0.26,444.0,,439.55,8.36
6-CM-36-SES,2315.0,1.32,0.42,4.71,0.35,441.0,,356.82,26.52
6-CM-36-SES,2345.0,1.1,0.5,3.82,0.23,439.0,,347.27,20.91
6-CM-36-SES,2375.0,1.28,0.49,4.37,0.37,442.0,,341.41,28.91
6-CM-36-SES,2405.0,1.18,0.52,3.84,0.25,440.0,,325.42,21.19
6-CM-36-SES,2435.0,0.62,0.15,0.96,0.26,440.0,,154.84,41.94
6-CM-36-SES,2465.0,0.93,0.3,1.86,0.33,439.0,,200.0,35.48
6-CM-36-SES,2495.0,1.0,0.34,2.16,0.24,441.0,,216.0,24.0
6-CM-36-SES,2525.0,1.24,0.56,3.25,0.43,441.0,,262.1,34.68
6-CM-36-SES,2555.0,0.78,0.22,1.34,0.36,438.0,,171.79,46.15
