Poço,Profundidade,COT,S1,S2,S3,Tmax,Ro,IH,IO
6-CM-37-SES,1576.0,0.84,,,,,,,
6-CM-37-SES,1594.0,0.74,,,,,,,
6-CM-37-SES,1612.0,0.7,,,,,,,
6-CM-37-SES,1630.0,0.77,,,,,,,
6-CM-37-SES,1648.0,0.72,,,,,,,
6-CM-37-SES,1666.0,0.4,,,,,,,
6-CM-37-SES,1684.0,0.78,,,,,,,
6-CM-37-SES,1702.0,4.65,1.3,36.94,1.15,428.0,,794.41,24.73
6-CM-37-SES,1720.0,3.03,1.29,22.34,0.68,429.0,,737.29,22.44
6-CM-37-SES,1738.0,1.27,1.85,5.25,0.63,429.0,,413.39,49.61
6-CM-37-SES,1756.0,1.84,1.47,12.77,0.49,428.0,,694.02,26.63
6-CM-37-SES,1774.0,0.89,,,,,,,
6-CM-37-SES,1792.0,0.56,,,,,,,
6-CM-37-SES,1810.0,0.57,,,,,,,
6-CM-37-SES,1828.0,0.38,,,,,,,
6-CM-37-SES,1846.0,1.22,0.46,3.91,0.89,432.0,,320.49,72.95
6-CM-37-SES,1864.0,1.87,0.81,8.94,1.05,434.0,,478.07,56.15
6-CM-37-SES,1882.0,0.81,,,,,,,
6-CM-37-SES,1900.0,0.46,,,,,,,
6-CM-37-SES,1918.0,0.58,,,,,,,
6-CM-37-SES,1936.0,0.51,,,,,,,
6-CM-37-SES,1954.0,0.56,,,,,,,
6-CM-37-SES,1972.0,0.34,,,,,,,
6-CM-37-SES,1990.0,0.33,,,,,,,
6-CM-37-SES,2026.0,0.42,,,,,,,
6-CM-37-SES,2044.0,0.74,,,,,,,
6-CM-37-SES,2062.0,0.45,,,,,,,
6-CM-37-SES,2098.0,0.74,,,,,,,
6-CM-37-SES,2116.0,0.66,,,,,,,
6-CM-37-SES,2152.0,0.38,,,,,,,
6-CM-37-SES,2188.0,2.23,0.42,12.37,0.41,442.0,,554.71,18.39
6-CM-37-SES,2206.0,2.26,0.57,15.84,0.28,441.0,,700.88,12.39
6-CM-37-SES,2224.0,1.32,0.25,5.9,0.49,443.0,,446.97,37.12
6-CM-37-SES,2242.0,1.63,0.28,7.84,0.61,445.0,,480.98,37.42
6-CM-37-SES,2260.0,0.83,,,,,,,
6-CM-37-SES,2278.0,0.72,,,,,,,
6-CM-37-SES,2296.0,0.82,,,,,,,
6-CM-37-SES,2314.0,0.72,,,,,,,
6-CM-37-SES,2332.0,1.38,0.33,4.75,0.4,442.0,,344.2,28.99
6-CM-37-SES,2350.0,0.92,0.18,2.95,0.35,442.0,,320.65,38.04
6-CM-37-SES,2368.0,0.79,,,,,,,
6-CM-37-SES,2386.0,0.68,,,,,,,
6-CM-37-SES,2404.0,0.88,,,,,,,
