Poço,Profundidade,COT,S1,S2,S3,Tmax,Ro,IH,IO
7-GA-36-SES,480.0,0.24,,,,,,,
7-GA-36-SES,483.5,0.18,,,,,,,
7-GA-36-SES,486.0,0.2,,,,,,,
7-GA-36-SES,489.0,0.23,,,,,,,
7-GA-36-SES,492.0,0.38,,,,,,,
7-GA-36-SES,495.0,0.25,,,,,,,
7-GA-36-SES,850.0,0.42,,,,,,,
7-GA-36-SES,852.5,0.27,,,,,,,
7-GA-36-SES,855.5,0.33,,,,,,,
7-GA-36-SES,999.0,0.52,0.04,0.19,0.96,421.0,,36.54,184.62
7-GA-36-SES,1002.0,0.62,0.04,0.2,0.92,427.0,,32.26,148.39
7-GA-36-SES,1005.0,0.67,0.04,0.21,0.96,423.0,,31.34,143.28
7-GA-36-SES,1008.0,0.68,0.04,0.23,1.48,420.0,,33.82,217.65
7-GA-36-SES,1011.0,0.6,0.04,0.2,1.38,430.0,,33.33,230.0
7-GA-36-SES,1014.0,0.54,0.04,0.17,1.08,420.0,,31.48,200.0
7-GA-36-SES,1017.0,0.57,0.03,0.12,0.84,,,21.05,147.37
7-GA-36-SES,1020.0,0.55,0.04,0.21,1.45,428.0,,38.18,263.64
7-GA-36-SES,1023.0,0.54,0.03,0.18,1.24,421.0,,33.33,229.63
7-GA-36-SES,1026.0,0.52,0.04,0.14,1.13,421.0,,26.92,217.31
7-GA-36-SES,1029.0,0.49,,,,,,,
7-GA-36-SES,1032.0,0.5,0.04,0.12,1.11,,,24.0,222.0
7-GA-36-SES,1035.0,0.47,,,,,,,
7-GA-36-SES,1038.0,0.55,0.05,0.21,2.12,427.0,,38.18,385.45
7-GA-36-SES,1041.0,0.48,,,,,,,
7-GA-36-SES,1044.0,0.52,0.03,0.13,1.61,,,25.0,309.62
7-GA-36-SES,1047.0,0.46,,,,,,,
7-GA-36-SES,1050.0,0.6,0.07,0.19,0.59,417.0,,31.67,98.33
7-GA-36-SES,1053.0,0.9,0.42,0.56,0.93,346.0,,62.22,103.33
7-GA-36-SES,1056.0,1.2,2.24,1.97,3.7,351.0,,164.17,308.33
7-GA-36-SES,1062.0,0.76,0.2,0.32,0.58,,,42.11,76.32
7-GA-36-SES,1065.0,0.74,0.03,0.2,1.11,403.0,,27.03,150.0
7-GA-36-SES,1068.0,0.74,0.04,0.16,0.83,,,21.62,112.16
7-GA-36-SES,1077.0,0.65,0.03,0.15,0.88,,,23.08,135.38
7-GA-36-SES,1080.0,0.62,0.03,0.14,0.84,,,22.58,135.48
7-GA-36-SES,1083.0,0.59,0.02,0.16,3.48,,,27.12,589.83
7-GA-36-SES,1087.0,0.58,0.04,0.12,0.52,,,20.69,89.66
7-GA-36-SES,1090.0,0.53,0.04,0.19,1.55,425.0,,35.85,292.45
7-GA-36-SES,1093.0,0.64,0.04,0.15,1.06,425.0,,23.44,165.63
7-GA-36-SES,1096.0,0.74,0.04,0.16,0.96,421.0,,21.62,129.73
7-GA-36-SES,1099.0,0.62,0.04,0.18,1.37,400.0,,29.03,220.97
7-GA-36-SES,1102.0,0.6,0.04,0.15,1.41,420.0,,25.0,235.0
7-GA-36-SES,1104.0,0.6,0.03,0.15,0.97,427.0,,25.0,161.67
7-GA-36-SES,1107.0,0.7,0.06,0.19,1.13,422.0,,27.14,161.43
7-GA-36-SES,1110.0,0.69,0.06,0.22,1.28,421.0,,31.88,185.51
7-GA-36-SES,1113.0,0.94,0.06,0.23,1.17,426.0,,24.47,124.47
7-GA-36-SES,1116.0,0.74,0.04,0.22,1.13,428.0,,29.73,152.7
7-GA-36-SES,1119.0,0.67,0.05,0.25,1.81,443.0,,37.31,270.15
7-GA-36-SES,1122.0,0.78,0.05,0.26,1.56,423.0,,33.33,200.0
7-GA-36-SES,1125.0,0.69,0.04,0.19,1.27,421.0,,27.54,184.06
7-GA-36-SES,1128.0,0.72,0.05,0.2,1.14,424.0,,27.78,158.33
7-GA-36-SES,1441.0,0.5,0.07,0.44,1.84,424.0,,88.0,368.0
7-GA-36-SES,1444.0,0.74,0.08,0.52,1.77,425.0,,70.27,239.19
7-GA-36-SES,1447.0,0.51,0.08,0.34,1.7,421.0,,66.67,333.33
7-GA-36-SES,1450.0,0.81,0.1,0.65,1.78,425.0,,80.25,219.75
7-GA-36-SES,1453.0,1.04,0.09,0.66,1.85,428.0,,63.46,177.88
7-GA-36-SES,1456.0,0.58,0.08,0.41,2.08,420.0,,70.69,358.62
7-GA-36-SES,1459.0,0.59,0.07,0.54,1.84,422.0,,91.53,311.86
7-GA-36-SES,1462.0,0.62,0.07,0.63,1.8,426.0,,101.61,290.32
7-GA-36-SES,1465.0,0.44,,,,,,,
7-GA-36-SES,1468.0,0.63,0.08,0.54,1.83,424.0,,85.71,290.48
